Time (ps)	Potential	Kinetic	Total
0.000000	1.000000	1.000000	1.000000
10.000000	0.115354	-0.013601	0.054409
20.000000	0.057479	-0.017430	0.017758
30.000000	0.022161	0.008954	0.046859
40.000000	0.037179	-0.005803	0.026047
50.000000	0.010894	-0.017125	0.035290
60.000000	-0.015851	0.048001	0.018686
70.000000	-0.068131	-0.105776	-0.085662
80.000000	0.009895	0.016320	0.037648
90.000000	-0.004396	-0.024445	-0.070058
100.000000	0.025615	0.014284	0.025172
110.000000	-0.029662	-0.029869	-0.011207
120.000000	-0.020652	-0.049388	-0.015117
130.000000	-0.018329	-0.106787	-0.006952
140.000000	-0.124213	0.055372	-0.067615
150.000000	-0.035544	-0.001143	-0.010632
160.000000	-0.013575	0.032603	-0.003307
170.000000	0.010210	0.029356	0.035875
180.000000	0.028398	-0.022130	-0.026386
190.000000	-0.031209	0.033424	-0.009257
200.000000	0.003685	0.039491	-0.026246
210.000000	-0.045030	-0.062352	-0.020416
220.000000	-0.043555	-0.004807	-0.004711
230.000000	-0.070888	0.027977	-0.046941
240.000000	-0.019699	-0.073065	-0.046113
250.000000	-0.060607	0.043552	-0.018729
260.000000	-0.054272	0.052854	-0.048529
270.000000	-0.019215	-0.015325	-0.010619
280.000000	0.101601	-0.030020	0.065896
290.000000	-0.012920	-0.082198	-0.017289
300.000000	0.033414	0.019830	0.048599
310.000000	0.016123	0.088441	0.008820
320.000000	-0.014768	-0.046231	-0.013233
330.000000	-0.007551	-0.135958	-0.038492
340.000000	-0.026967	0.026524	0.025099
350.000000	-0.016483	0.020477	-0.037209
360.000000	-0.090468	0.066520	-0.037726
370.000000	0.029253	0.009332	-0.009501
380.000000	0.030267	0.011886	0.021281
390.000000	-0.046790	-0.056368	-0.046149
400.000000	0.030504	0.122019	0.056475
410.000000	0.026948	0.021393	0.006136
420.000000	-0.028945	0.060000	0.028298
430.000000	-0.101199	-0.055130	-0.142615
440.000000	-0.023221	0.044434	0.004864
450.000000	-0.024305	-0.002419	-0.009662
460.000000	-0.039406	-0.039388	-0.048059
470.000000	0.061860	-0.007495	-0.007913
480.000000	0.005613	0.067786	0.038732
490.000000	0.012263	-0.035045	-0.015015
500.000000	0.004561	0.042729	0.061534
510.000000	-0.037574	-0.052924	-0.020603
520.000000	0.025220	0.020775	0.042826
530.000000	-0.010550	0.110040	-0.005011
540.000000	0.023461	0.011305	0.050485
550.000000	-0.012557	-0.055291	-0.016787
560.000000	0.076732	0.021090	0.023226
570.000000	0.073234	0.071098	0.000316
580.000000	0.077170	-0.028305	0.055322
590.000000	-0.000600	0.020676	0.059030
600.000000	-0.058027	-0.027285	-0.005344
610.000000	-0.066741	0.062644	-0.023423
620.000000	0.047316	-0.024462	0.091160
630.000000	0.000322	-0.029083	-0.017369
640.000000	-0.072971	-0.020393	0.004393
650.000000	0.092881	0.034444	0.119420
660.000000	-0.023735	0.002675	-0.028214
670.000000	0.014386	0.105747	0.046955
680.000000	0.029610	-0.048835	0.019414
690.000000	0.014578	-0.047179	0.032280
700.000000	-0.133211	-0.034011	-0.095308
710.000000	-0.010628	0.067758	0.014222
720.000000	-0.050817	-0.022786	-0.067048
730.000000	0.003203	0.061442	-0.020744
740.000000	-0.052769	-0.049335	-0.075746
750.000000	0.045262	0.044797	-0.002157
760.000000	-0.051895	-0.003789	-0.066709
770.000000	0.001465	-0.064703	-0.042482
780.000000	-0.081243	0.036559	-0.004160
790.000000	-0.049805	0.053850	0.039716
800.000000	0.066175	-0.001327	0.021035
810.000000	0.002144	0.015281	-0.025921
820.000000	0.088246	-0.067822	0.052383
830.000000	-0.007230	0.015238	-0.031505
840.000000	0.019931	0.107522	-0.024797
850.000000	0.042701	-0.053401	-0.021129
860.000000	0.112298	-0.109020	0.082625
870.000000	-0.003769	-0.045060	-0.045764
880.000000	-0.047014	0.021415	-0.044215
890.000000	-0.068682	0.022846	-0.028449
900.000000	-0.051521	0.052247	0.033026
910.000000	-0.035920	-0.036557	-0.032755
920.000000	-0.032887	-0.062765	0.006638
930.000000	0.013063	0.057265	0.037072
940.000000	0.001241	-0.025344	-0.006322
950.000000	-0.033251	-0.004165	-0.010559
960.000000	0.069659	0.084104	0.082909
970.000000	-0.006877	-0.004152	-0.043747
980.000000	-0.062392	0.049586	-0.076966
990.000000	0.066158	-0.016589	0.058089
1000.000000	-0.030291	0.044950	-0.048910
1010.000000	-0.049951	0.064592	-0.017546
1020.000000	-0.067208	-0.016029	-0.047315
1030.000000	-0.042031	0.016702	-0.006288
1040.000000	-0.004198	0.042276	-0.002382
1050.000000	0.024169	0.104931	0.035644
1060.000000	0.013882	-0.026430	0.011441
1070.000000	-0.069283	0.039570	-0.038614
1080.000000	-0.007705	-0.117431	-0.074755
1090.000000	0.013279	0.053299	0.054004
1100.000000	-0.103812	-0.013866	-0.097238
1110.000000	-0.069775	-0.011437	-0.034329
1120.000000	0.062211	-0.101166	0.032315
1130.000000	0.058026	-0.029327	0.028413
1140.000000	0.080493	-0.024658	-0.010956
1150.000000	0.008600	0.090052	0.028138
1160.000000	0.020783	0.012112	-0.020923
1170.000000	0.075825	-0.102294	0.076926
1180.000000	-0.013618	-0.028909	-0.024979
1190.000000	0.064056	0.060256	0.101220
1200.000000	-0.020062	0.075671	0.055567
1210.000000	0.096853	-0.016970	0.095724
1220.000000	0.098947	-0.028808	0.084504
1230.000000	0.114606	-0.000807	0.110587
1240.000000	0.155600	0.083306	0.117573
1250.000000	0.009975	0.033068	0.032177
1260.000000	-0.103197	-0.037501	-0.075624
1270.000000	0.060634	-0.060449	0.077151
1280.000000	-0.059119	0.014357	-0.095882
1290.000000	0.033409	-0.106840	-0.010787
1300.000000	0.008754	0.078818	0.047889
1310.000000	0.019102	-0.035708	-0.005874
1320.000000	0.012162	-0.032008	-0.035935
1330.000000	-0.031494	-0.085759	-0.019742
1340.000000	0.029637	0.000958	0.013265
1350.000000	-0.062561	-0.018446	-0.047808
1360.000000	-0.038507	0.028268	-0.055873
1370.000000	-0.020374	0.104086	0.006523
1380.000000	-0.026345	-0.024627	0.002366
1390.000000	0.002180	-0.037742	0.052645
1400.000000	0.010245	0.075629	0.013097
1410.000000	-0.057468	0.031787	-0.031675
1420.000000	0.031311	0.024334	-0.005262
1430.000000	-0.028436	0.036804	0.021754
1440.000000	-0.017201	0.015520	-0.019750
1450.000000	-0.038728	0.079685	-0.025187
1460.000000	-0.075798	0.023865	-0.064884
1470.000000	-0.051128	-0.028992	-0.010829
1480.000000	-0.004533	-0.027425	-0.032071
1490.000000	0.004698	-0.025709	0.035594
1500.000000	-0.013468	0.030116	-0.010700
1510.000000	0.019231	-0.000421	0.009030
1520.000000	0.083780	-0.180042	-0.026059
1530.000000	0.082910	-0.000392	0.099411
1540.000000	0.082827	-0.041227	-0.004149
1550.000000	0.036151	0.018385	0.035782
1560.000000	-0.036882	0.072919	0.016070
1570.000000	-0.008981	0.035364	0.010536
1580.000000	-0.064554	-0.031709	-0.017387
1590.000000	-0.049887	0.013220	-0.010233
1600.000000	-0.098880	0.012709	-0.110385
1610.000000	-0.012665	0.044775	0.042440
1620.000000	0.023091	0.056886	0.005234
1630.000000	-0.033862	-0.009415	-0.048996
1640.000000	0.020928	0.013047	0.059250
1650.000000	-0.021343	-0.017487	-0.014359
1660.000000	-0.120781	-0.026657	-0.127473
1670.000000	-0.060417	-0.121521	-0.053710
1680.000000	-0.080656	0.053704	-0.056731
1690.000000	-0.048551	-0.027963	-0.004216
1700.000000	-0.000166	-0.065219	-0.002188
1710.000000	0.040608	0.024037	0.051504
1720.000000	0.012927	0.043795	0.017947
1730.000000	0.000923	-0.005458	-0.001841
1740.000000	0.002854	-0.022040	0.023576
1750.000000	-0.039861	-0.053842	-0.033676
1760.000000	-0.094008	0.030144	-0.114212
1770.000000	-0.025506	0.007580	-0.044110
1780.000000	-0.055567	-0.065052	-0.058251
1790.000000	0.005657	-0.004555	-0.028714
1800.000000	0.027247	-0.014507	-0.021985
1810.000000	0.186812	-0.018462	0.086151
1820.000000	0.070249	-0.026851	-0.002868
1830.000000	-0.017694	0.002617	-0.008146
1840.000000	-0.053398	0.024213	-0.011038
1850.000000	0.057755	0.086843	0.070418
1860.000000	0.010894	-0.071099	0.048412
1870.000000	-0.077809	0.034557	-0.037276
1880.000000	-0.051777	-0.018439	-0.027834
1890.000000	0.049948	-0.056733	0.011641
1900.000000	0.027106	-0.039824	0.004809
1910.000000	0.004939	0.060089	0.051184
1920.000000	-0.003733	-0.081789	-0.054201
1930.000000	-0.051455	0.029995	-0.044369
1940.000000	0.056006	-0.044009	-0.008003
1950.000000	-0.084262	-0.007598	-0.068145
1960.000000	-0.034784	-0.042262	-0.082820
1970.000000	-0.048525	0.060122	-0.091929
1980.000000	0.055355	0.096138	0.033413
1990.000000	0.064449	0.044111	0.037142
2000.000000	-0.004784	-0.004223	-0.072923
2010.000000	0.040117	0.026229	0.011839
2020.000000	0.055702	0.017414	-0.003746
2030.000000	0.058431	0.171241	0.104892
2040.000000	0.095913	-0.045720	0.069874
2050.000000	0.040896	-0.062175	0.008754
2060.000000	-0.097810	-0.015237	-0.027555
2070.000000	0.011043	-0.019360	-0.007209
2080.000000	-0.036432	0.018946	0.030158
2090.000000	-0.003427	-0.034615	-0.000412
2100.000000	0.003967	0.004448	0.004057
2110.000000	0.011340	0.029393	0.031780
2120.000000	-0.012777	-0.017205	-0.003390
2130.000000	-0.076831	0.012605	-0.082500
2140.000000	-0.101704	-0.039123	-0.042158
2150.000000	-0.059930	-0.054469	0.015309
2160.000000	-0.012610	-0.041773	-0.031605
2170.000000	-0.001386	-0.100524	-0.046435
2180.000000	0.016811	0.026344	0.032295
2190.000000	-0.033188	-0.075467	-0.117011
2200.000000	0.128767	0.047268	0.089406
2210.000000	0.033528	0.026548	0.008587
2220.000000	0.006139	-0.073644	-0.013180
2230.000000	0.031957	-0.047796	0.071944
2240.000000	-0.097524	-0.111441	-0.069335
2250.000000	-0.117818	-0.013903	-0.128630
2260.000000	-0.022606	0.021014	0.029467
2270.000000	-0.038941	0.019372	-0.022682
2280.000000	0.063914	0.017819	-0.011091
2290.000000	-0.005332	0.079337	-0.037523
2300.000000	0.014093	-0.026253	-0.001174
2310.000000	-0.029648	-0.097528	-0.049749
2320.000000	-0.038620	-0.123923	-0.089252
2330.000000	-0.015601	0.066178	-0.002060
2340.000000	-0.030907	-0.074979	-0.064760
2350.000000	0.112633	0.045679	0.074387
2360.000000	0.104933	-0.076473	0.007083
2370.000000	0.074090	0.051701	-0.003573
2380.000000	0.116378	-0.002827	0.025548
2390.000000	0.074065	0.076355	0.079548
2400.000000	0.059820	-0.016153	0.095305
2410.000000	-0.050016	0.053202	-0.013663
2420.000000	-0.066253	-0.045647	0.008785
2430.000000	-0.042993	0.022903	0.030650
2440.000000	0.019382	0.079401	0.011290
2450.000000	0.028533	0.038303	0.045575
2460.000000	-0.027027	-0.007304	-0.003915
2470.000000	-0.015080	-0.034125	-0.050805
2480.000000	0.116072	0.014675	0.095621
2490.000000	-0.058599	-0.020935	-0.034522
2500.000000	0.024894	0.035011	0.000026
2510.000000	-0.005064	-0.028196	-0.026906
2520.000000	0.001777	0.019894	0.091672
2530.000000	-0.050918	0.004935	-0.092994
2540.000000	-0.032435	-0.101710	-0.060437
2550.000000	-0.147463	-0.025619	-0.113604
2560.000000	0.025672	0.039853	0.035897
2570.000000	0.051096	-0.098860	0.067215
2580.000000	0.016123	0.044788	-0.000161
2590.000000	-0.007219	-0.008201	-0.053394
2600.000000	0.014509	0.082695	0.088496
2610.000000	0.098567	-0.117819	0.056119
2620.000000	0.000276	-0.018939	0.066926
2630.000000	0.004729	-0.016919	0.022430
2640.000000	-0.055334	0.029306	-0.041902
2650.000000	0.087858	-0.111485	0.000860
2660.000000	-0.074332	-0.064749	-0.081867
2670.000000	0.042880	0.045070	0.033649
2680.000000	0.054517	-0.028969	0.054747
2690.000000	0.055909	-0.007761	0.001417
2700.000000	0.022222	-0.047273	0.022660
2710.000000	-0.065215	-0.175934	-0.063113
2720.000000	-0.041734	-0.094888	-0.057295
2730.000000	-0.013652	0.056300	-0.016492
2740.000000	-0.029697	-0.018402	-0.015227
2750.000000	0.010634	0.027756	0.041792
2760.000000	0.092914	-0.000825	0.036319
2770.000000	0.069575	0.036462	0.063442
2780.000000	0.069047	0.106365	0.030178
2790.000000	0.012819	0.051464	-0.036718
2800.000000	0.042042	-0.082402	0.016670
2810.000000	-0.041359	0.067084	-0.056702
2820.000000	0.018346	-0.020114	-0.058638
2830.000000	-0.067032	-0.003842	-0.016160
2840.000000	0.032805	0.000372	-0.004220
2850.000000	0.113961	-0.054740	0.009308
2860.000000	-0.014097	0.078246	-0.003480
2870.000000	-0.022310	0.054920	0.004505
2880.000000	-0.083896	-0.067910	-0.065037
2890.000000	0.016146	-0.139093	0.009236
2900.000000	-0.090550	-0.069164	-0.046934
2910.000000	-0.042768	-0.027175	-0.070564
2920.000000	-0.073868	0.012379	-0.003452
2930.000000	0.024337	-0.009111	-0.008701
2940.000000	-0.013813	0.081187	0.012407
2950.000000	-0.026461	-0.112470	-0.027527
2960.000000	-0.049802	-0.019539	-0.050937
2970.000000	-0.067613	-0.120520	-0.059846
2980.000000	-0.061651	0.135437	0.005908
2990.000000	-0.185694	0.028782	-0.077675
3000.000000	-0.044595	0.109434	-0.041706
3010.000000	-0.133844	0.123287	-0.104674
3020.000000	0.073276	0.065481	0.133885
3030.000000	-0.020706	-0.030051	-0.037382
3040.000000	-0.014355	0.130752	0.058523
3050.000000	0.023405	-0.068432	-0.047827
3060.000000	0.144963	0.035291	0.126526
3070.000000	-0.016020	-0.008817	0.033156
3080.000000	0.044263	0.039167	0.137945
3090.000000	-0.041543	-0.013685	-0.034184
3100.000000	0.094973	0.027795	0.079352
3110.000000	0.038661	-0.064852	0.031250
3120.000000	0.081613	0.009592	0.080889
3130.000000	0.112901	-0.079700	0.027591
3140.000000	-0.047176	-0.067093	-0.003471
3150.000000	-0.010504	-0.069980	-0.015583
3160.000000	0.120073	-0.002762	-0.013283
3170.000000	0.049758	0.026925	-0.005650
3180.000000	-0.096614	0.056983	-0.109069
3190.000000	0.019731	-0.011333	0.018804
3200.000000	0.053501	-0.126859	0.010117
3210.000000	0.019421	0.057405	-0.030803
3220.000000	0.101368	-0.029515	0.040106
3230.000000	0.097015	-0.018704	0.148800
3240.000000	-0.017454	-0.059816	-0.059766
3250.000000	-0.020251	-0.049045	-0.065571
3260.000000	-0.036822	0.013453	-0.068860
3270.000000	-0.101460	0.025061	0.022466
3280.000000	0.006268	-0.063225	0.002586
3290.000000	-0.075218	-0.001421	-0.037434
3300.000000	-0.077465	-0.046201	-0.071029
3310.000000	-0.046214	0.000961	-0.084423
3320.000000	0.035555	-0.145532	-0.083169
3330.000000	0.104300	0.015754	0.013953
3340.000000	0.186805	0.061690	0.093130
3350.000000	0.012473	0.070431	-0.017849
3360.000000	-0.023796	-0.034029	-0.071324
3370.000000	-0.094518	-0.076326	-0.076224
3380.000000	-0.039260	-0.039269	0.054628
3390.000000	-0.080103	-0.091417	-0.007807
3400.000000	0.005047	0.024060	0.055039
3410.000000	0.007547	0.054496	0.024572
3420.000000	0.023483	-0.060186	0.078557
3430.000000	-0.024712	-0.064181	-0.067729
3440.000000	0.136229	-0.018862	0.017936
3450.000000	-0.112860	0.050466	-0.098024
3460.000000	-0.135269	0.102892	0.038775
3470.000000	-0.042700	-0.088251	-0.018977
3480.000000	-0.210622	0.149190	-0.064904
3490.000000	-0.098406	-0.053971	-0.092908
3500.000000	0.043383	-0.023361	0.041612
3510.000000	-0.065067	0.037746	-0.097423
3520.000000	0.043292	0.027116	0.048315
3530.000000	0.066286	0.079384	-0.045762
3540.000000	0.018290	-0.009665	0.039567
3550.000000	-0.076200	-0.056508	-0.028976
3560.000000	-0.013866	-0.077734	0.005179
3570.000000	0.097300	0.043658	0.110247
3580.000000	-0.010421	-0.160674	-0.044552
3590.000000	-0.056413	0.023194	-0.080458
3600.000000	0.022074	0.005104	0.074767
3610.000000	0.072378	-0.075286	0.084966
3620.000000	0.111409	-0.056881	0.071158
3630.000000	-0.009479	0.085087	0.014050
3640.000000	0.015550	-0.066885	0.023400
3650.000000	-0.040080	0.058561	0.062858
3660.000000	-0.016096	-0.122066	-0.068661
3670.000000	-0.060231	0.017944	-0.031649
3680.000000	0.014839	-0.036361	0.042275
3690.000000	0.146845	0.063719	0.157372
3700.000000	0.014935	-0.113275	0.014275
3710.000000	-0.004598	0.260049	0.117343
3720.000000	-0.068760	-0.136814	-0.070014
3730.000000	0.080229	-0.043010	0.007442
3740.000000	0.029691	0.016128	0.009388
3750.000000	0.156310	0.006568	0.035909
3760.000000	-0.046707	0.046145	0.016694
3770.000000	-0.027022	0.119037	-0.027867
3780.000000	-0.021693	-0.046846	-0.114221
3790.000000	0.058494	0.243450	0.088181
3800.000000	-0.009011	-0.104191	-0.058500
3810.000000	0.068079	-0.034055	-0.036158
3820.000000	0.019575	0.077254	0.034691
3830.000000	-0.282742	0.073272	-0.248769
3840.000000	-0.020904	-0.087783	0.027474
3850.000000	0.161522	-0.147306	0.075811
3860.000000	-0.020068	-0.088129	-0.101206
3870.000000	-0.159778	0.056507	-0.135598
3880.000000	0.061601	0.035035	0.040536
3890.000000	-0.025283	0.005303	-0.109773
3900.000000	0.208641	-0.020952	0.222266
3910.000000	0.088636	-0.106072	-0.023120
3920.000000	0.127477	-0.142886	0.092552
3930.000000	0.090972	0.040610	0.039039
3940.000000	-0.020253	-0.083016	-0.054872
3950.000000	-0.161770	0.012345	-0.104207
3960.000000	-0.070686	-0.102343	0.000449
3970.000000	0.036183	0.125134	0.076621
3980.000000	0.041131	0.050828	0.128489
3990.000000	-0.080627	0.028016	-0.023183
4000.000000	-0.166983	0.019756	-0.136546
4010.000000	0.102939	0.189323	0.152880
4020.000000	0.090190	0.034489	0.120056
4030.000000	-0.013868	0.036793	-0.047595
4040.000000	-0.076307	-0.094511	-0.077098
4050.000000	-0.133619	0.025040	-0.078229
4060.000000	0.068946	-0.014439	0.044078
4070.000000	-0.013094	-0.048434	-0.010507
4080.000000	-0.009583	-0.201002	-0.024127
4090.000000	0.224028	0.016444	0.259411
4100.000000	0.018825	-0.141007	-0.091233
4110.000000	-0.272637	-0.095535	-0.196480
4120.000000	-0.067570	0.027267	0.020358
4130.000000	0.060706	0.054338	0.118219
4140.000000	0.156377	0.111609	0.285012
4150.000000	0.034411	-0.050159	-0.056551
4160.000000	-0.084391	-0.059773	-0.153481
4170.000000	0.000388	0.116050	0.062536
4180.000000	-0.029550	0.010340	0.011567
4190.000000	0.202196	0.029423	0.235395
4200.000000	-0.010495	-0.076624	-0.054060
4210.000000	0.027695	0.055666	-0.012108
4220.000000	-0.044630	-0.194680	-0.071457
4230.000000	-0.222871	0.018205	-0.141985
4240.000000	-0.102882	0.238879	-0.010218
4250.000000	0.051594	-0.072345	0.070208
4260.000000	0.143581	-0.011208	0.065552
4270.000000	-0.155922	-0.101450	-0.207674
4280.000000	-0.244690	0.058294	-0.221960
4290.000000	0.021413	0.111923	0.044947
4300.000000	0.177354	-0.096168	0.084064
4310.000000	0.014952	0.083942	0.053368
4320.000000	0.052236	0.055611	0.056450
4330.000000	-0.028802	-0.027401	0.009055
4340.000000	0.169177	-0.161504	0.086044
4350.000000	0.084712	0.043685	-0.051701
4360.000000	-0.045680	-0.036122	0.039696
4370.000000	0.060649	-0.041822	0.028312
4380.000000	0.061101	0.050375	0.063727
4390.000000	0.017132	-0.131563	-0.096676
4400.000000	-0.084598	-0.041914	-0.149139
4410.000000	-0.000335	0.110897	-0.063440
4420.000000	0.054585	0.089285	0.211287
4430.000000	0.172214	0.119333	0.297331
4440.000000	0.053919	-0.109606	-0.025276
4450.000000	-0.181075	-0.178400	-0.199506
4460.000000	0.042344	0.205528	0.085240
4470.000000	0.059254	0.072513	0.080447
4480.000000	-0.034695	0.063251	-0.043645
4490.000000	-0.208925	0.076222	-0.163078
4500.000000	0.049529	0.159390	0.079732
4510.000000	-0.189263	0.043565	-0.048811
4520.000000	-0.303028	0.037305	-0.337413
4530.000000	-0.048893	-0.213546	-0.066961
4540.000000	0.069831	-0.150234	0.063495
4550.000000	0.099074	0.038558	-0.007840
4560.000000	-0.093065	-0.162530	-0.166963
4570.000000	-0.048528	-0.021353	-0.058063
4580.000000	0.086508	-0.127799	-0.012851
4590.000000	0.105445	0.000743	0.072245
4600.000000	-0.056408	0.005845	-0.052402
4610.000000	0.085687	0.083946	0.049611
4620.000000	0.135660	0.034356	0.188332
4630.000000	0.189574	-0.124633	0.175201
4640.000000	0.075707	-0.057540	0.032111
4650.000000	0.060845	-0.007797	0.085211
4660.000000	0.270046	0.124650	0.305754
4670.000000	0.118381	-0.031499	0.111476
4680.000000	-0.041431	-0.116130	-0.042559
4690.000000	-0.371820	0.031011	-0.317132
4700.000000	-0.132884	0.081971	0.057178
4710.000000	-0.029526	0.041663	0.196427
4720.000000	-0.006066	0.032648	0.063675
4730.000000	0.044893	0.075521	0.064663
4740.000000	0.060901	-0.163490	-0.098125
4750.000000	0.135652	-0.175209	-0.151810
4760.000000	-0.074105	0.209676	0.012609
4770.000000	-0.128452	0.070608	-0.091340
4780.000000	0.154180	0.064778	0.158418
4790.000000	-0.187062	-0.147438	-0.153642
4800.000000	-0.473932	-0.083792	-0.337317
4810.000000	-0.239952	0.053325	0.011678
4820.000000	-0.163466	-0.303955	-0.271403
4830.000000	0.279944	-0.072121	0.138162
4840.000000	0.241485	0.132746	0.166758
4850.000000	-0.261789	-0.023056	-0.354863
4860.000000	0.092185	0.282942	-0.032643
4870.000000	0.380264	0.335090	0.224432
4880.000000	0.363668	-0.162299	0.182529
4890.000000	0.010550	-0.173894	-0.099383
4900.000000	-0.461597	0.019288	-0.199124
4910.000000	-0.098529	-0.139576	0.321902
4920.000000	0.225625	-0.220839	0.318035
4930.000000	-0.246861	-0.208744	-0.378552
4940.000000	-0.147362	-0.152080	-0.078885
4950.000000	0.465980	0.351831	0.683154
4960.000000	-0.186751	0.361886	-0.428724
4970.000000	-0.031910	0.181469	-0.277999
4980.000000	0.477743	0.152209	0.592693
4990.000000	-0.500601	-0.044097	-0.461406
