Time (ps)	Potential	Kinetic	Total
0.000000	-307395.218750	37574.980469	-269820.250000
10.000000	-308176.625000	37539.812500	-270636.812500
20.000000	-306677.281250	37739.054688	-268938.218750
30.000000	-307073.843750	37342.351562	-269731.500000
40.000000	-308284.468750	37371.671875	-270912.812500
50.000000	-306716.906250	37416.363281	-269300.531250
60.000000	-306207.375000	37334.390625	-268873.000000
70.000000	-306792.000000	37639.210938	-269152.781250
80.000000	-307306.125000	37310.933594	-269995.187500
90.000000	-307748.687500	37122.890625	-270625.812500
100.000000	-307723.281250	37885.371094	-269837.906250
110.000000	-306710.781250	37639.343750	-269071.437500
120.000000	-307223.062500	37395.132812	-269827.937500
130.000000	-307738.875000	37802.726562	-269936.156250
140.000000	-307729.437500	37113.226562	-270616.218750
150.000000	-307650.375000	37236.195312	-270414.187500
160.000000	-307254.906250	37300.738281	-269954.156250
170.000000	-307352.625000	37564.125000	-269788.500000
180.000000	-306558.468750	37310.843750	-269247.625000
190.000000	-307122.343750	37623.539062	-269498.812500
200.000000	-307536.968750	37230.699219	-270306.281250
210.000000	-308470.250000	37410.593750	-271059.656250
220.000000	-307585.218750	37290.375000	-270294.843750
230.000000	-307308.812500	37226.191406	-270082.625000
240.000000	-307838.343750	37675.683594	-270162.656250
250.000000	-307362.000000	37230.519531	-270131.468750
260.000000	-307340.593750	37562.687500	-269777.906250
270.000000	-306721.531250	37564.320312	-269157.218750
280.000000	-306540.125000	37677.421875	-268862.687500
290.000000	-307630.843750	37098.554688	-270532.281250
300.000000	-307743.968750	37427.953125	-270316.000000
310.000000	-306934.906250	37333.906250	-269601.000000
320.000000	-306878.437500	37608.406250	-269270.031250
330.000000	-307029.281250	37710.242188	-269319.031250
340.000000	-306441.343750	37033.167969	-269408.187500
350.000000	-307100.000000	37741.023438	-269358.968750
360.000000	-306869.687500	38116.156250	-268753.531250
370.000000	-307623.406250	37537.046875	-270086.375000
380.000000	-307954.062500	37296.199219	-270657.875000
390.000000	-307697.843750	37312.179688	-270385.656250
400.000000	-306865.562500	37206.351562	-269659.218750
410.000000	-307765.625000	37642.398438	-270123.218750
420.000000	-308208.531250	37200.242188	-271008.281250
430.000000	-308049.375000	37272.671875	-270776.687500
440.000000	-307654.562500	37092.984375	-270561.562500
450.000000	-307536.625000	37359.429688	-270177.187500
460.000000	-307251.531250	37057.953125	-270193.562500
470.000000	-306456.531250	37969.304688	-268487.218750
480.000000	-308031.406250	37639.640625	-270391.750000
490.000000	-307350.843750	37452.781250	-269898.062500
500.000000	-307093.843750	37317.562500	-269776.281250
510.000000	-306797.500000	37585.210938	-269212.281250
520.000000	-306556.250000	37400.289062	-269155.968750
530.000000	-307437.250000	37800.054688	-269637.187500
540.000000	-307351.968750	37443.234375	-269908.750000
550.000000	-307573.625000	38197.851562	-269375.781250
560.000000	-307521.875000	37309.515625	-270212.375000
570.000000	-308092.468750	37615.289062	-270477.187500
580.000000	-307561.625000	37326.015625	-270235.625000
590.000000	-307165.968750	37665.484375	-269500.500000
600.000000	-306639.593750	37425.375000	-269214.218750
610.000000	-307186.531250	37178.167969	-270008.375000
620.000000	-307990.875000	37424.898438	-270565.968750
630.000000	-308142.250000	37235.296875	-270906.937500
640.000000	-306510.062500	37497.750000	-269012.312500
650.000000	-307382.500000	37399.679688	-269982.812500
660.000000	-307848.343750	37602.863281	-270245.468750
670.000000	-307473.593750	37472.734375	-270000.875000
680.000000	-307082.031250	36883.804688	-270198.218750
690.000000	-306840.125000	37739.644531	-269100.468750
700.000000	-307558.875000	37497.964844	-270060.906250
710.000000	-307578.218750	37089.625000	-270488.593750
720.000000	-306780.156250	37809.566406	-268970.593750
730.000000	-308056.031250	37447.425781	-270608.593750
740.000000	-306965.468750	37457.878906	-269507.593750
750.000000	-306821.187500	36863.375000	-269957.812500
760.000000	-306988.375000	37128.707031	-269859.656250
770.000000	-307569.500000	37523.414062	-270046.093750
780.000000	-307477.937500	37406.250000	-270071.687500
790.000000	-308226.062500	37246.265625	-270979.812500
800.000000	-306936.156250	37953.613281	-268982.531250
810.000000	-307877.968750	37611.382812	-270266.593750
820.000000	-307324.781250	37465.851562	-269858.937500
830.000000	-307642.593750	37785.250000	-269857.343750
840.000000	-306971.687500	36640.273438	-270331.406250
850.000000	-306817.437500	37387.222656	-269430.218750
860.000000	-307526.031250	37485.109375	-270040.937500
870.000000	-307307.187500	36741.996094	-270565.187500
880.000000	-306810.250000	37272.609375	-269537.625000
890.000000	-307114.593750	37618.218750	-269496.375000
900.000000	-307752.343750	37120.234375	-270632.125000
910.000000	-306115.531250	37407.820312	-268707.718750
920.000000	-307597.406250	37080.738281	-270516.656250
930.000000	-306945.468750	37280.953125	-269664.500000
940.000000	-308352.718750	37152.050781	-271200.656250
950.000000	-307703.625000	37959.277344	-269744.343750
960.000000	-307119.875000	37748.500000	-269371.375000
970.000000	-307369.406250	37941.968750	-269427.437500
980.000000	-307501.937500	37502.554688	-269999.375000
990.000000	-307050.718750	37601.195312	-269449.531250
1000.000000	-307047.218750	37562.664062	-269484.562500
1010.000000	-307565.468750	37714.156250	-269851.312500
1020.000000	-307153.406250	37473.027344	-269680.375000
1030.000000	-307479.906250	37430.636719	-270049.281250
1040.000000	-306984.812500	37657.617188	-269327.187500
1050.000000	-307755.437500	37539.468750	-270215.968750
1060.000000	-307595.968750	37101.570312	-270494.406250
1070.000000	-307360.593750	37487.257812	-269873.343750
1080.000000	-307446.687500	37948.421875	-269498.250000
1090.000000	-307331.156250	37377.347656	-269953.812500
1100.000000	-306923.312500	37520.718750	-269402.593750
1110.000000	-307103.375000	37540.171875	-269563.187500
1120.000000	-307263.500000	37434.855469	-269828.656250
1130.000000	-307757.468750	37430.472656	-270327.000000
1140.000000	-306509.125000	37690.828125	-268818.312500
1150.000000	-307259.343750	37161.890625	-270097.437500
1160.000000	-307375.312500	37339.421875	-270035.875000
1170.000000	-308173.562500	37208.574219	-270965.000000
1180.000000	-307626.906250	37423.085938	-270203.812500
1190.000000	-306944.250000	37383.304688	-269560.937500
1200.000000	-308007.812500	37638.476562	-270369.343750
1210.000000	-307848.125000	37254.976562	-270593.156250
1220.000000	-307169.593750	37365.714844	-269803.875000
1230.000000	-308032.718750	37368.835938	-270663.875000
1240.000000	-307154.031250	37504.531250	-269649.500000
1250.000000	-308677.750000	37043.566406	-271634.187500
1260.000000	-307822.593750	37707.339844	-270115.250000
1270.000000	-306667.875000	36982.625000	-269685.250000
1280.000000	-307250.250000	37548.710938	-269701.531250
1290.000000	-307058.875000	37359.824219	-269699.062500
1300.000000	-306905.843750	37662.875000	-269242.968750
1310.000000	-306827.500000	37399.464844	-269428.031250
1320.000000	-306791.187500	37606.882812	-269184.312500
1330.000000	-307544.937500	37872.984375	-269671.937500
1340.000000	-307357.906250	37022.671875	-270335.250000
1350.000000	-308033.406250	37964.789062	-270068.625000
1360.000000	-307034.312500	37151.597656	-269882.718750
1370.000000	-307165.531250	37366.242188	-269799.281250
1380.000000	-307741.062500	37912.449219	-269828.625000
1390.000000	-307173.562500	37447.625000	-269725.937500
1400.000000	-306487.312500	36872.933594	-269614.375000
1410.000000	-306438.625000	36848.304688	-269590.312500
1420.000000	-306801.406250	37172.003906	-269629.406250
1430.000000	-308442.562500	37130.242188	-271312.312500
1440.000000	-307608.218750	37400.812500	-270207.406250
1450.000000	-307473.250000	37494.406250	-269978.843750
1460.000000	-307057.906250	37129.066406	-269928.843750
1470.000000	-306601.843750	37237.367188	-269364.468750
1480.000000	-306938.625000	37598.472656	-269340.156250
1490.000000	-306706.343750	37593.765625	-269112.562500
1500.000000	-306854.843750	37419.199219	-269435.656250
1510.000000	-306751.625000	37207.671875	-269543.937500
1520.000000	-308269.031250	37589.042969	-270680.000000
1530.000000	-308205.031250	37575.367188	-270629.656250
1540.000000	-306973.218750	37264.765625	-269708.437500
1550.000000	-307395.218750	37458.472656	-269936.750000
1560.000000	-307352.343750	37794.113281	-269558.218750
1570.000000	-307324.718750	37227.335938	-270097.375000
1580.000000	-306713.875000	37405.695312	-269308.187500
1590.000000	-306872.187500	37090.234375	-269781.937500
1600.000000	-306367.156250	37357.796875	-269009.375000
1610.000000	-307862.500000	37378.507812	-270484.000000
1620.000000	-307155.593750	37854.421875	-269301.187500
1630.000000	-308068.000000	37753.050781	-270314.937500
1640.000000	-307132.312500	37737.210938	-269395.093750
1650.000000	-308154.468750	37338.218750	-270816.250000
1660.000000	-307159.750000	37378.906250	-269780.843750
1670.000000	-308275.531250	37457.199219	-270818.343750
1680.000000	-307411.218750	36916.023438	-270495.187500
1690.000000	-307118.781250	37396.476562	-269722.312500
1700.000000	-306686.937500	37986.375000	-268700.562500
1710.000000	-307052.062500	37028.640625	-270023.437500
1720.000000	-307603.125000	37454.125000	-270149.000000
1730.000000	-307103.437500	37328.531250	-269774.906250
1740.000000	-306935.625000	37401.171875	-269534.437500
1750.000000	-307077.875000	37785.257812	-269292.625000
1760.000000	-307644.062500	37210.566406	-270433.500000
1770.000000	-307320.031250	36948.945312	-270371.093750
1780.000000	-307972.031250	37780.343750	-270191.687500
1790.000000	-307593.875000	37493.226562	-270100.656250
1800.000000	-307628.875000	37211.898438	-270416.968750
1810.000000	-307367.281250	37529.484375	-269837.812500
1820.000000	-308288.031250	36777.738281	-271510.281250
1830.000000	-307684.093750	37385.804688	-270298.281250
1840.000000	-306532.000000	37151.207031	-269380.781250
1850.000000	-307712.468750	36969.675781	-270742.781250
1860.000000	-307000.718750	37457.820312	-269542.906250
1870.000000	-307115.843750	37198.335938	-269917.500000
1880.000000	-307065.843750	37103.109375	-269962.750000
1890.000000	-305784.750000	37824.707031	-267960.031250
1900.000000	-307194.500000	37390.398438	-269804.093750
1910.000000	-306992.187500	37299.921875	-269692.250000
1920.000000	-307242.812500	37713.929688	-269528.875000
1930.000000	-307511.468750	37409.500000	-270101.968750
1940.000000	-308015.437500	37368.890625	-270646.562500
1950.000000	-307861.593750	37524.445312	-270337.156250
1960.000000	-306745.562500	37923.128906	-268822.437500
1970.000000	-307375.875000	37968.410156	-269407.468750
1980.000000	-307849.156250	37600.214844	-270248.937500
1990.000000	-306893.937500	37474.582031	-269419.343750
2000.000000	-308145.375000	37659.996094	-270485.375000
2010.000000	-307519.500000	37955.187500	-269564.312500
2020.000000	-307208.875000	37575.796875	-269633.062500
2030.000000	-307341.125000	37356.929688	-269984.187500
2040.000000	-307360.343750	37254.207031	-270106.125000
2050.000000	-308009.500000	37457.140625	-270552.375000
2060.000000	-307888.906250	37529.039062	-270359.875000
2070.000000	-307095.375000	36883.496094	-270211.875000
2080.000000	-307700.718750	37068.304688	-270632.406250
2090.000000	-307724.406250	37835.820312	-269888.593750
2100.000000	-308052.625000	37855.585938	-270197.031250
2110.000000	-307923.218750	37493.062500	-270430.156250
2120.000000	-307339.718750	37252.242188	-270087.468750
2130.000000	-307870.218750	37596.207031	-270274.000000
2140.000000	-307311.687500	37131.828125	-270179.875000
2150.000000	-307982.187500	37426.554688	-270555.625000
2160.000000	-307113.781250	37406.925781	-269706.843750
2170.000000	-307951.437500	37580.328125	-270371.125000
2180.000000	-308104.468750	37347.042969	-270757.437500
2190.000000	-307915.625000	38099.226562	-269816.406250
2200.000000	-307230.062500	37558.765625	-269671.312500
2210.000000	-307083.968750	36927.421875	-270156.562500
2220.000000	-306475.875000	37370.421875	-269105.437500
2230.000000	-306415.250000	38089.988281	-268325.250000
2240.000000	-307487.000000	37380.011719	-270107.000000
2250.000000	-307034.531250	37109.710938	-269924.812500
2260.000000	-307202.156250	37688.128906	-269514.031250
2270.000000	-306391.093750	37035.007812	-269356.093750
2280.000000	-306712.781250	37670.691406	-269042.093750
2290.000000	-307820.031250	37650.843750	-270169.187500
2300.000000	-307868.531250	36842.851562	-271025.687500
2310.000000	-307289.656250	37805.832031	-269483.812500
2320.000000	-307626.343750	37189.789062	-270436.562500
2330.000000	-306945.468750	37537.687500	-269407.781250
2340.000000	-306965.125000	37255.253906	-269709.875000
2350.000000	-307777.187500	37438.769531	-270338.406250
2360.000000	-307799.437500	37208.175781	-270591.250000
2370.000000	-307700.343750	37632.281250	-270068.062500
2380.000000	-307248.312500	38088.000000	-269160.312500
2390.000000	-307900.187500	38373.980469	-269526.218750
2400.000000	-307742.593750	37219.054688	-270523.531250
2410.000000	-306638.156250	37428.148438	-269210.000000
2420.000000	-306954.062500	37416.351562	-269537.718750
2430.000000	-307697.031250	37423.121094	-270273.906250
2440.000000	-307875.781250	37488.644531	-270387.125000
2450.000000	-307071.562500	37235.046875	-269836.500000
2460.000000	-307592.093750	37525.750000	-270066.343750
2470.000000	-308662.968750	36828.703125	-271834.250000
2480.000000	-307765.062500	37538.316406	-270226.750000
2490.000000	-307506.156250	37883.320312	-269622.843750
2500.000000	-307551.718750	37391.531250	-270160.187500
2510.000000	-306968.375000	37556.726562	-269411.656250
2520.000000	-307982.875000	36974.695312	-271008.187500
2530.000000	-306818.593750	38069.453125	-268749.125000
2540.000000	-306479.468750	38173.421875	-268306.062500
2550.000000	-306981.531250	37646.441406	-269335.093750
2560.000000	-306804.406250	36974.406250	-269830.000000
2570.000000	-306878.437500	37769.191406	-269109.250000
2580.000000	-306955.781250	37256.000000	-269699.781250
2590.000000	-307878.656250	37461.726562	-270416.937500
2600.000000	-306957.156250	37516.324219	-269440.843750
2610.000000	-307857.343750	37109.335938	-270748.000000
2620.000000	-307354.750000	37335.441406	-270019.312500
2630.000000	-306578.750000	37988.835938	-268589.906250
2640.000000	-307411.406250	37094.128906	-270317.281250
2650.000000	-307101.656250	37338.460938	-269763.187500
2660.000000	-307583.843750	37175.906250	-270407.937500
2670.000000	-306575.125000	37741.156250	-268833.968750
2680.000000	-307165.000000	37529.613281	-269635.375000
2690.000000	-307147.968750	37865.324219	-269282.656250
2700.000000	-306747.406250	37676.023438	-269071.375000
2710.000000	-306929.718750	37352.261719	-269577.468750
2720.000000	-307182.312500	37037.664062	-270144.656250
2730.000000	-307090.843750	37360.265625	-269730.562500
2740.000000	-307405.906250	37588.468750	-269817.437500
2750.000000	-306861.093750	37748.250000	-269112.843750
2760.000000	-307045.906250	37530.500000	-269515.406250
2770.000000	-307580.906250	37562.257812	-270018.656250
2780.000000	-307307.968750	37184.886719	-270123.093750
2790.000000	-306519.781250	37760.464844	-268759.312500
2800.000000	-308433.625000	38143.960938	-270289.656250
2810.000000	-306834.812500	37189.156250	-269645.656250
2820.000000	-307324.000000	37535.781250	-269788.218750
2830.000000	-307428.937500	37522.406250	-269906.531250
2840.000000	-307608.218750	37294.453125	-270313.750000
2850.000000	-306882.718750	37750.000000	-269132.718750
2860.000000	-308111.812500	37821.046875	-270290.750000
2870.000000	-306812.187500	36531.566406	-270280.625000
2880.000000	-306585.437500	37525.242188	-269060.187500
2890.000000	-306763.375000	37524.554688	-269238.812500
2900.000000	-307590.437500	37662.914062	-269927.531250
2910.000000	-306977.281250	37078.910156	-269898.375000
2920.000000	-307243.625000	37510.421875	-269733.187500
2930.000000	-306915.437500	37807.359375	-269108.062500
2940.000000	-307587.406250	37676.886719	-269910.531250
2950.000000	-306691.468750	37540.343750	-269151.125000
2960.000000	-307290.500000	37372.781250	-269917.718750
2970.000000	-308156.156250	37144.851562	-271011.312500
2980.000000	-307534.437500	37355.562500	-270178.875000
2990.000000	-308256.968750	37862.230469	-270394.750000
3000.000000	-308245.531250	37804.640625	-270440.875000
3010.000000	-307812.687500	37652.507812	-270160.187500
3020.000000	-307709.218750	37656.230469	-270053.000000
3030.000000	-307111.812500	37702.328125	-269409.500000
3040.000000	-307309.968750	37554.335938	-269755.625000
3050.000000	-307180.843750	37384.878906	-269795.968750
3060.000000	-308458.187500	37542.296875	-270915.875000
3070.000000	-308421.562500	37344.367188	-271077.187500
3080.000000	-306634.218750	37212.187500	-269422.031250
3090.000000	-307053.281250	37702.003906	-269351.281250
3100.000000	-307597.375000	37724.078125	-269873.312500
3110.000000	-307056.593750	37540.187500	-269516.406250
3120.000000	-306613.281250	37206.183594	-269407.093750
3130.000000	-306299.375000	37578.132812	-268721.250000
3140.000000	-307080.093750	37176.082031	-269904.000000
3150.000000	-308007.406250	37832.390625	-270175.000000
3160.000000	-307162.593750	37358.531250	-269804.062500
3170.000000	-307861.250000	36995.023438	-270866.218750
3180.000000	-307501.687500	37608.238281	-269893.437500
3190.000000	-306374.562500	37197.277344	-269177.281250
3200.000000	-307381.718750	37806.507812	-269575.218750
3210.000000	-306749.218750	37473.539062	-269275.687500
3220.000000	-307012.906250	37828.570312	-269184.343750
3230.000000	-308069.312500	37260.226562	-270809.093750
3240.000000	-308104.031250	37390.843750	-270713.187500
3250.000000	-307585.125000	37474.835938	-270110.281250
3260.000000	-307584.406250	37276.039062	-270308.375000
3270.000000	-308630.375000	37469.812500	-271160.562500
3280.000000	-307173.531250	37252.851562	-269920.687500
3290.000000	-307552.375000	37238.148438	-270314.218750
3300.000000	-307872.656250	37369.625000	-270503.031250
3310.000000	-307344.687500	37387.210938	-269957.468750
3320.000000	-307919.406250	37205.917969	-270713.500000
3330.000000	-307511.437500	37652.523438	-269858.906250
3340.000000	-307191.000000	37774.109375	-269416.875000
3350.000000	-307166.437500	37493.050781	-269673.375000
3360.000000	-307107.593750	37726.734375	-269380.875000
3370.000000	-308038.468750	37514.976562	-270523.500000
3380.000000	-307269.906250	37589.437500	-269680.468750
3390.000000	-306496.875000	37484.320312	-269012.562500
3400.000000	-306282.593750	37116.742188	-269165.843750
3410.000000	-307006.000000	37613.375000	-269392.625000
3420.000000	-307509.500000	37603.640625	-269905.875000
3430.000000	-306642.031250	37522.085938	-269119.937500
3440.000000	-306737.250000	37304.285156	-269432.968750
3450.000000	-306973.500000	37275.585938	-269697.906250
3460.000000	-307509.312500	37661.531250	-269847.781250
3470.000000	-307174.531250	37546.562500	-269627.968750
3480.000000	-307254.093750	37649.566406	-269604.531250
3490.000000	-306565.437500	37431.414062	-269134.031250
3500.000000	-305933.812500	37372.148438	-268561.656250
3510.000000	-307362.812500	37245.355469	-270117.468750
3520.000000	-306702.937500	37224.648438	-269478.281250
3530.000000	-307737.093750	38026.488281	-269710.593750
3540.000000	-307617.406250	37578.640625	-270038.750000
3550.000000	-308355.875000	37734.234375	-270621.625000
3560.000000	-306759.906250	37553.140625	-269206.750000
3570.000000	-308228.843750	37723.152344	-270505.687500
3580.000000	-307097.843750	37813.027344	-269284.812500
3590.000000	-306816.062500	37854.988281	-268961.062500
3600.000000	-306966.593750	37665.582031	-269301.000000
3610.000000	-307016.187500	37464.226562	-269551.968750
3620.000000	-307243.250000	37087.914062	-270155.343750
3630.000000	-307480.500000	37721.695312	-269758.812500
3640.000000	-307725.781250	37581.179688	-270144.593750
3650.000000	-307979.125000	37325.308594	-270653.812500
3660.000000	-307033.500000	37565.875000	-269467.625000
3670.000000	-307599.843750	37309.332031	-270290.500000
3680.000000	-307183.562500	37080.304688	-270103.250000
3690.000000	-306828.593750	36783.796875	-270044.812500
3700.000000	-307237.125000	37179.414062	-270057.718750
3710.000000	-307046.406250	37676.851562	-269369.562500
3720.000000	-307155.812500	37430.718750	-269725.093750
3730.000000	-307461.218750	37832.742188	-269628.468750
3740.000000	-307031.812500	38178.066406	-268853.750000
3750.000000	-307155.750000	37148.601562	-270007.156250
3760.000000	-307260.656250	37463.566406	-269797.093750
3770.000000	-307375.125000	37123.218750	-270251.906250
3780.000000	-307171.000000	37479.292969	-269691.718750
3790.000000	-308310.187500	37414.199219	-270896.000000
3800.000000	-306744.906250	37247.218750	-269497.687500
3810.000000	-307350.093750	38029.667969	-269320.437500
3820.000000	-307052.062500	37419.582031	-269632.468750
3830.000000	-308834.218750	37322.085938	-271512.125000
3840.000000	-306639.531250	37582.617188	-269056.906250
3850.000000	-308089.000000	36609.316406	-271479.687500
3860.000000	-307383.843750	37098.574219	-270285.281250
3870.000000	-306108.093750	37726.304688	-268381.781250
3880.000000	-307245.593750	37461.066406	-269784.531250
3890.000000	-307713.406250	37577.507812	-270135.906250
3900.000000	-307421.593750	37769.273438	-269652.312500
3910.000000	-307454.687500	37264.460938	-270190.218750
3920.000000	-306660.937500	37403.078125	-269257.875000
3930.000000	-307052.906250	37486.355469	-269566.562500
3940.000000	-306844.875000	37435.007812	-269409.875000
3950.000000	-307167.125000	37894.914062	-269272.218750
3960.000000	-306990.437500	37144.539062	-269845.906250
3970.000000	-306477.125000	37563.121094	-268914.000000
3980.000000	-307360.406250	37888.316406	-269472.093750
3990.000000	-307571.843750	38156.621094	-269415.218750
4000.000000	-307652.718750	37355.117188	-270297.593750
4010.000000	-307192.343750	37653.992188	-269538.343750
4020.000000	-307488.656250	37666.957031	-269821.687500
4030.000000	-306714.500000	37531.964844	-269182.531250
4040.000000	-306774.562500	37722.722656	-269051.843750
4050.000000	-306994.625000	37415.316406	-269579.312500
4060.000000	-307077.968750	37314.843750	-269763.125000
4070.000000	-306823.843750	37838.132812	-268985.718750
4080.000000	-306357.625000	37637.089844	-268720.531250
4090.000000	-306776.343750	37492.335938	-269284.000000
4100.000000	-307015.531250	38107.203125	-268908.312500
4110.000000	-307712.656250	37635.187500	-270077.468750
4120.000000	-307183.812500	37721.210938	-269462.593750
4130.000000	-307883.062500	37180.429688	-270702.625000
4140.000000	-307722.500000	38091.687500	-269630.812500
4150.000000	-307359.031250	37392.234375	-269966.812500
4160.000000	-307060.968750	37853.335938	-269207.625000
4170.000000	-307741.687500	37015.968750	-270725.718750
4180.000000	-307614.531250	37669.527344	-269945.000000
4190.000000	-306527.218750	37251.839844	-269275.375000
4200.000000	-307301.812500	37190.308594	-270111.500000
4210.000000	-306870.875000	36821.664062	-270049.218750
4220.000000	-307342.843750	37607.984375	-269734.875000
4230.000000	-308162.500000	37142.117188	-271020.375000
4240.000000	-306865.156250	37630.242188	-269234.906250
4250.000000	-306302.750000	37507.863281	-268794.875000
4260.000000	-307297.156250	37865.648438	-269431.500000
4270.000000	-306879.125000	37003.937500	-269875.187500
4280.000000	-308263.812500	37256.875000	-271006.937500
4290.000000	-307785.562500	37691.734375	-270093.812500
4300.000000	-308321.968750	38018.648438	-270303.312500
4310.000000	-307558.218750	37650.625000	-269907.593750
4320.000000	-307403.031250	37496.832031	-269906.187500
4330.000000	-308135.812500	37141.332031	-270994.468750
4340.000000	-307985.406250	37735.117188	-270250.281250
4350.000000	-307256.468750	37124.312500	-270132.156250
4360.000000	-308258.812500	37866.906250	-270391.906250
4370.000000	-306859.000000	37638.679688	-269220.312500
4380.000000	-307592.875000	37646.339844	-269946.531250
4390.000000	-308059.968750	37493.914062	-270566.062500
4400.000000	-307431.531250	37269.273438	-270162.250000
4410.000000	-307616.937500	37349.945312	-270267.000000
4420.000000	-307174.187500	37488.859375	-269685.312500
4430.000000	-306908.968750	37109.230469	-269799.750000
4440.000000	-307766.031250	37200.921875	-270565.125000
4450.000000	-307816.531250	37378.652344	-270437.875000
4460.000000	-307313.781250	37659.632812	-269654.156250
4470.000000	-308088.718750	37126.343750	-270962.375000
4480.000000	-307730.000000	37995.906250	-269734.093750
4490.000000	-306763.968750	37792.597656	-268971.375000
4500.000000	-307529.875000	37734.031250	-269795.843750
4510.000000	-308239.468750	37429.355469	-270810.125000
4520.000000	-307300.093750	37437.734375	-269862.375000
4530.000000	-306583.843750	37187.117188	-269396.718750
4540.000000	-307358.781250	37548.289062	-269810.500000
4550.000000	-307528.843750	36927.714844	-270601.125000
4560.000000	-307690.125000	37645.625000	-270044.500000
4570.000000	-307296.812500	37318.648438	-269978.156250
4580.000000	-307503.656250	37084.093750	-270419.562500
4590.000000	-307144.062500	37673.867188	-269470.187500
4600.000000	-306995.906250	37398.234375	-269597.687500
4610.000000	-306693.625000	37472.332031	-269221.281250
4620.000000	-306741.500000	37422.859375	-269318.625000
4630.000000	-307754.656250	36900.074219	-270854.593750
4640.000000	-306682.750000	37401.031250	-269281.718750
4650.000000	-307293.718750	37557.234375	-269736.500000
4660.000000	-306158.531250	37312.226562	-268846.312500
4670.000000	-307560.468750	37411.000000	-270149.468750
4680.000000	-306518.750000	37606.453125	-268912.312500
4690.000000	-307403.500000	37738.570312	-269664.937500
4700.000000	-306643.312500	37490.148438	-269153.156250
4710.000000	-307125.750000	37232.683594	-269893.062500
4720.000000	-307290.500000	37439.566406	-269850.937500
4730.000000	-306887.312500	37496.828125	-269390.500000
4740.000000	-307646.000000	37531.437500	-270114.562500
4750.000000	-307823.156250	37092.609375	-270730.562500
4760.000000	-307416.468750	37813.523438	-269602.937500
4770.000000	-307765.812500	37429.613281	-270336.187500
4780.000000	-307504.375000	37928.757812	-269575.625000
4790.000000	-307572.750000	37841.265625	-269731.500000
4800.000000	-307518.968750	37220.953125	-270298.000000
4810.000000	-307043.781250	37330.882812	-269712.906250
4820.000000	-308145.875000	37422.382812	-270723.500000
4830.000000	-307289.750000	38230.273438	-269059.468750
4840.000000	-307585.406250	37435.914062	-270149.500000
4850.000000	-307941.312500	37191.187500	-270750.125000
4860.000000	-307681.843750	37617.960938	-270063.875000
4870.000000	-308535.625000	37527.488281	-271008.125000
4880.000000	-308078.718750	37671.261719	-270407.468750
4890.000000	-307205.781250	37344.742188	-269861.031250
4900.000000	-306966.406250	37379.152344	-269587.250000
4910.000000	-307178.250000	37316.390625	-269861.875000
4920.000000	-307469.125000	37014.144531	-270454.968750
4930.000000	-307051.125000	37391.550781	-269659.562500
4940.000000	-306714.156250	37403.417969	-269310.750000
4950.000000	-307181.500000	37280.351562	-269901.156250
4960.000000	-307835.718750	37643.828125	-270191.875000
4970.000000	-307431.468750	38205.515625	-269225.937500
4980.000000	-307334.250000	37706.156250	-269628.093750
4990.000000	-307524.593750	37349.703125	-270174.875000
5000.000000	-307005.187500	37535.894531	-269469.281250
