# H-bond lifetime (ps)
7.258076606834497069e-01
9.872258463870835499e-01
1.131979853326039676e+00
2.516270962196434091e+00
8.908826751488220452e+00
2.693041008319001062e+00
5.587316564393771667e-01
4.016754910958648672e-01
2.506103422242170087e+00
3.870162159136722568e+00
4.694200021699700187e+00
7.033854204772128860e+00
4.491732261029365958e+00
1.663033171661225396e+01
6.776583444855200256e+00
1.528253028924177137e+00
7.577468127205944981e+00
1.370266228890962834e+00
1.711395841366517345e+00
3.951792892948340352e+00
1.233739642215196053e+00
5.625891292938852928e+00
1.014573978124942322e+01
5.234173073694776690e+00
4.295545892377020891e+00
8.961386612716410127e+00
5.718283388815644797e-01
2.156711075795257893e-01
1.259741165595148760e-01
