# r (Å)	g_HH(r)
5.000000000000000278e-02 3.617077504550967660e+03
1.500000000000000222e-01 0.000000000000000000e+00
2.500000000000000000e-01 0.000000000000000000e+00
3.500000000000000333e-01 0.000000000000000000e+00
4.500000000000000111e-01 0.000000000000000000e+00
5.500000000000000444e-01 0.000000000000000000e+00
6.500000000000001332e-01 0.000000000000000000e+00
7.500000000000000000e-01 0.000000000000000000e+00
8.500000000000000888e-01 0.000000000000000000e+00
9.499999999999999556e-01 0.000000000000000000e+00
1.050000000000000044e+00 0.000000000000000000e+00
1.150000000000000133e+00 0.000000000000000000e+00
1.250000000000000000e+00 0.000000000000000000e+00
1.350000000000000089e+00 5.440046665075326006e-03
1.450000000000000178e+00 1.940807179325995779e+00
1.550000000000000044e+00 3.233578269959532125e+00
1.650000000000000133e+00 7.715639272471219723e-02
1.750000000000000000e+00 3.711280109937910299e-02
1.850000000000000089e+00 1.397254401988684558e-01
1.950000000000000178e+00 3.703845636975348632e-01
2.049999999999999822e+00 7.266009702918684310e-01
2.150000000000000355e+00 1.042977371693134980e+00
2.250000000000000000e+00 1.332344550781021653e+00
2.350000000000000533e+00 1.424120120042017268e+00
2.450000000000000178e+00 1.317694325853243198e+00
2.549999999999999822e+00 1.155352988260021752e+00
2.650000000000000355e+00 9.100062450569630368e-01
2.750000000000000000e+00 7.231862104242011702e-01
2.850000000000000533e+00 5.992616905741761091e-01
2.950000000000000178e+00 6.095793844742019019e-01
3.049999999999999822e+00 6.285789975242952465e-01
3.150000000000000355e+00 7.300041008587082603e-01
3.250000000000000000e+00 8.143224455443461851e-01
3.350000000000000533e+00 9.163926591920403819e-01
3.450000000000000178e+00 1.019662623825359216e+00
3.549999999999999822e+00 1.105565590949965094e+00
3.650000000000000355e+00 1.182725608703180109e+00
3.750000000000000000e+00 1.200785936904661177e+00
3.850000000000000533e+00 1.207275080347190999e+00
3.950000000000000178e+00 1.156929868666886962e+00
4.050000000000000711e+00 1.110297298520494413e+00
4.150000000000000355e+00 1.083646878283661019e+00
4.250000000000000000e+00 1.056615219977051323e+00
4.349999999999999645e+00 1.059919512832194988e+00
4.450000000000000178e+00 1.060461235987776529e+00
4.550000000000000711e+00 1.047451171470404230e+00
4.650000000000000355e+00 1.036531684985165125e+00
4.750000000000000000e+00 1.039432075763947916e+00
4.850000000000000533e+00 1.024920752976308247e+00
4.950000000000000178e+00 1.009486110285465088e+00
5.050000000000000711e+00 9.913100778537220492e-01
5.150000000000000355e+00 9.816897250097830208e-01
5.250000000000000000e+00 9.633731997476372433e-01
5.350000000000000533e+00 9.674097519146882540e-01
5.450000000000000178e+00 9.462707138642034721e-01
5.550000000000000711e+00 9.665176823680602380e-01
5.650000000000000355e+00 9.675007278668180666e-01
5.750000000000000000e+00 9.599190691930882258e-01
5.850000000000000533e+00 9.840704576741706733e-01
5.950000000000000178e+00 9.718359360523770585e-01
6.050000000000000711e+00 9.893056267679409821e-01
6.150000000000000355e+00 9.765507904058250421e-01
6.250000000000000000e+00 9.820159444271975291e-01
6.350000000000000533e+00 9.877220354643928557e-01
6.450000000000000178e+00 9.724097541325107397e-01
6.550000000000000711e+00 9.988177809480738301e-01
6.650000000000000355e+00 9.782958313805700801e-01
6.750000000000000000e+00 9.922141765433067917e-01
6.850000000000000533e+00 1.004324997401307096e+00
6.950000000000000178e+00 9.983555672376424051e-01
7.050000000000000711e+00 1.003463334005917362e+00
7.150000000000000355e+00 1.004897734782015384e+00
7.250000000000000000e+00 1.012043699622404702e+00
7.350000000000000533e+00 1.026159730414664351e+00
7.450000000000000178e+00 1.014123577230699125e+00
7.550000000000000711e+00 1.020568054270314162e+00
7.650000000000000355e+00 1.015991675561338958e+00
7.750000000000000000e+00 1.015284765265161759e+00
7.850000000000000533e+00 1.016108727091434183e+00
7.950000000000000178e+00 1.011456847393482628e+00
8.050000000000000711e+00 1.014991528129679299e+00
8.150000000000000355e+00 1.008139527733760810e+00
8.250000000000000000e+00 1.014634362359486452e+00
8.350000000000001421e+00 1.000415077145421661e+00
8.449999999999999289e+00 9.970662299920755034e-01
8.550000000000000711e+00 1.001903234247969010e+00
8.650000000000000355e+00 9.961139742047520063e-01
8.750000000000000000e+00 9.916233641542336885e-01
8.850000000000001421e+00 9.833516177547759751e-01
8.949999999999999289e+00 1.000765328278436117e+00
9.050000000000000711e+00 9.903302853408965101e-01
9.150000000000000355e+00 9.858105967550258031e-01
9.250000000000000000e+00 9.954574144997209162e-01
9.350000000000001421e+00 9.898778579834721647e-01
9.449999999999999289e+00 9.932725288339029346e-01
9.550000000000000711e+00 9.937820483221854184e-01
9.650000000000002132e+00 9.928063247555127813e-01
9.750000000000000000e+00 1.000232619710870630e+00
9.850000000000001421e+00 1.001209698172411011e+00
9.949999999999999289e+00 9.967498511677839179e-01
