# r (Å)	g_OO(r)
5.000000000000000278e-02 7.234155009101935320e+03
1.500000000000000222e-01 0.000000000000000000e+00
2.500000000000000000e-01 0.000000000000000000e+00
3.500000000000000333e-01 0.000000000000000000e+00
4.500000000000000111e-01 0.000000000000000000e+00
5.500000000000000444e-01 0.000000000000000000e+00
6.500000000000001332e-01 0.000000000000000000e+00
7.500000000000000000e-01 0.000000000000000000e+00
8.500000000000000888e-01 0.000000000000000000e+00
9.499999999999999556e-01 0.000000000000000000e+00
1.050000000000000044e+00 0.000000000000000000e+00
1.150000000000000133e+00 0.000000000000000000e+00
1.250000000000000000e+00 0.000000000000000000e+00
1.350000000000000089e+00 0.000000000000000000e+00
1.450000000000000178e+00 0.000000000000000000e+00
1.550000000000000044e+00 0.000000000000000000e+00
1.650000000000000133e+00 0.000000000000000000e+00
1.750000000000000000e+00 0.000000000000000000e+00
1.850000000000000089e+00 0.000000000000000000e+00
1.950000000000000178e+00 0.000000000000000000e+00
2.049999999999999822e+00 0.000000000000000000e+00
2.150000000000000355e+00 0.000000000000000000e+00
2.250000000000000000e+00 0.000000000000000000e+00
2.350000000000000533e+00 0.000000000000000000e+00
2.450000000000000178e+00 5.423146013817180255e-03
2.549999999999999822e+00 2.362523429718046408e-01
2.650000000000000355e+00 1.630301408455748780e+00
2.750000000000000000e+00 3.394612643351630155e+00
2.850000000000000533e+00 3.093725483235661322e+00
2.950000000000000178e+00 1.961876266208925967e+00
3.049999999999999822e+00 1.005773055950353934e+00
3.150000000000000355e+00 6.596692708137549266e-01
3.250000000000000000e+00 5.430282000061616987e-01
3.350000000000000533e+00 5.527507336980796993e-01
3.450000000000000178e+00 6.024103042503524685e-01
3.549999999999999822e+00 6.739607914797962618e-01
3.650000000000000355e+00 7.581689285046686599e-01
3.750000000000000000e+00 8.293156533590808621e-01
3.850000000000000533e+00 9.295518965745183104e-01
3.950000000000000178e+00 1.005828326165523201e+00
4.050000000000000711e+00 1.087927542315959339e+00
4.150000000000000355e+00 1.174459795685101504e+00
4.250000000000000000e+00 1.223146529070097577e+00
4.349999999999999645e+00 1.275181935572337943e+00
4.450000000000000178e+00 1.288792832275092781e+00
4.550000000000000711e+00 1.262624798290150174e+00
4.650000000000000355e+00 1.221503560595736726e+00
4.750000000000000000e+00 1.191658558041637672e+00
4.850000000000000533e+00 1.130012771105997960e+00
4.950000000000000178e+00 1.071967469757125757e+00
5.050000000000000711e+00 1.011143819722015280e+00
5.150000000000000355e+00 9.661604224695057308e-01
5.250000000000000000e+00 9.105237641096380896e-01
5.350000000000000533e+00 8.841053539739694989e-01
5.450000000000000178e+00 8.299301166357283543e-01
5.550000000000000711e+00 8.247348109634184965e-01
5.650000000000000355e+00 8.089245351537693862e-01
5.750000000000000000e+00 8.079848702068083144e-01
5.850000000000000533e+00 8.438462933720664028e-01
5.950000000000000178e+00 8.604403326828450327e-01
6.050000000000000711e+00 9.130676251726618231e-01
6.150000000000000355e+00 9.395293426568384065e-01
6.250000000000000000e+00 9.840395372881335367e-01
6.350000000000000533e+00 1.024425781587049000e+00
6.450000000000000178e+00 1.038414731450802542e+00
6.550000000000000711e+00 1.086096519867864041e+00
6.650000000000000355e+00 1.072395168534199028e+00
6.750000000000000000e+00 1.093549688256641339e+00
6.850000000000000533e+00 1.100078565483182613e+00
6.950000000000000178e+00 1.074527289764195093e+00
7.050000000000000711e+00 1.066178973599350099e+00
7.150000000000000355e+00 1.042928043187133280e+00
7.250000000000000000e+00 1.030670265714553446e+00
7.350000000000000533e+00 1.023109939188445949e+00
7.450000000000000178e+00 9.921402527080775968e-01
7.550000000000000711e+00 9.890444858779975368e-01
7.650000000000000355e+00 9.795680162312877526e-01
7.750000000000000000e+00 9.742318186048468664e-01
7.850000000000000533e+00 9.755554466054807694e-01
7.950000000000000178e+00 9.771818156060571026e-01
8.050000000000000711e+00 9.859654159099792148e-01
8.150000000000000355e+00 9.876949962625463098e-01
8.250000000000000000e+00 1.001900175439613072e+00
8.350000000000001421e+00 9.967890945351409737e-01
8.449999999999999289e+00 1.001582650431687815e+00
8.550000000000000711e+00 1.010707016814767156e+00
8.650000000000000355e+00 1.009191000166749896e+00
8.750000000000000000e+00 1.008470938979713738e+00
8.850000000000001421e+00 1.000259562979771033e+00
8.949999999999999289e+00 1.016223479683953324e+00
9.050000000000000711e+00 1.002322204659184424e+00
9.150000000000000355e+00 9.940970199205672042e-01
9.250000000000000000e+00 9.985326254084704312e-01
9.350000000000001421e+00 9.888147636626747339e-01
9.449999999999999289e+00 9.857065704579895948e-01
9.550000000000000711e+00 9.846995139099731231e-01
9.650000000000002132e+00 9.806750518271721839e-01
9.750000000000000000e+00 9.894409583506117434e-01
9.850000000000001421e+00 9.875086423582813966e-01
9.949999999999999289e+00 9.857141829276035994e-01
