# r (Å)	g_OH(r)
5.000000000000000278e-02 0.000000000000000000e+00
1.500000000000000222e-01 0.000000000000000000e+00
2.500000000000000000e-01 0.000000000000000000e+00
3.500000000000000333e-01 0.000000000000000000e+00
4.500000000000000111e-01 0.000000000000000000e+00
5.500000000000000444e-01 0.000000000000000000e+00
6.500000000000001332e-01 0.000000000000000000e+00
7.500000000000000000e-01 0.000000000000000000e+00
8.500000000000000888e-01 2.251590875567667016e+00
9.499999999999999556e-01 1.988818976389737259e+01
1.050000000000000044e+00 4.095940123375255482e+00
1.150000000000000133e+00 2.624238044234342409e-04
1.250000000000000000e+00 0.000000000000000000e+00
1.350000000000000089e+00 0.000000000000000000e+00
1.450000000000000178e+00 1.857448996047805908e-04
1.550000000000000044e+00 2.055468115555576097e-02
1.650000000000000133e+00 3.244856289013461903e-01
1.750000000000000000e+00 1.287080161074400708e+00
1.850000000000000089e+00 1.809114125889151659e+00
1.950000000000000178e+00 1.424933098059081527e+00
2.049999999999999822e+00 8.106242443697091460e-01
2.150000000000000355e+00 3.820876520472645255e-01
2.250000000000000000e+00 2.029076209926826413e-01
2.350000000000000533e+00 1.215079723619896385e-01
2.450000000000000178e+00 9.356373046104986269e-02
2.549999999999999822e+00 1.085543271105401664e-01
2.650000000000000355e+00 1.703746928210232436e-01
2.750000000000000000e+00 3.073927371403805120e-01
2.850000000000000533e+00 5.367635622894096903e-01
2.950000000000000178e+00 9.305278494799349431e-01
3.049999999999999822e+00 1.287916208697257314e+00
3.150000000000000355e+00 1.613247886009467225e+00
3.250000000000000000e+00 1.620789717076555503e+00
3.350000000000000533e+00 1.493492938372628753e+00
3.450000000000000178e+00 1.334029136267504745e+00
3.549999999999999822e+00 1.190621815247239867e+00
3.650000000000000355e+00 1.094663000692486232e+00
3.750000000000000000e+00 1.027926186569353195e+00
3.850000000000000533e+00 1.016784324998388556e+00
3.950000000000000178e+00 1.005519518491160502e+00
4.050000000000000711e+00 1.010074016019825383e+00
4.150000000000000355e+00 1.026163409273673555e+00
4.250000000000000000e+00 1.016657702984272715e+00
4.349999999999999645e+00 1.027188219032519667e+00
4.450000000000000178e+00 1.020938048286932132e+00
4.550000000000000711e+00 1.005612000750494728e+00
4.650000000000000355e+00 9.972605815963470066e-01
4.750000000000000000e+00 1.007668725317440783e+00
4.850000000000000533e+00 1.012146174045988500e+00
4.950000000000000178e+00 1.016456336513632763e+00
5.050000000000000711e+00 1.019644967438058325e+00
5.150000000000000355e+00 1.028271086052108263e+00
5.250000000000000000e+00 1.014408359892677192e+00
5.350000000000000533e+00 1.018902590471022940e+00
5.450000000000000178e+00 9.871892250823685044e-01
5.550000000000000711e+00 9.939259794567930628e-01
5.650000000000000355e+00 9.763502904296968987e-01
5.750000000000000000e+00 9.504766008928425824e-01
5.850000000000000533e+00 9.565490982568437550e-01
5.950000000000000178e+00 9.329466078989010480e-01
6.050000000000000711e+00 9.440342360251955389e-01
6.150000000000000355e+00 9.308482535838061844e-01
6.250000000000000000e+00 9.416891058072449638e-01
6.350000000000000533e+00 9.549131742490316599e-01
6.450000000000000178e+00 9.481541587985714559e-01
6.550000000000000711e+00 9.882996919925064461e-01
6.650000000000000355e+00 9.780838075048171598e-01
6.750000000000000000e+00 1.000691036340506823e+00
6.850000000000000533e+00 1.020930269323297557e+00
6.950000000000000178e+00 1.019786854030886536e+00
7.050000000000000711e+00 1.030871786421922343e+00
7.150000000000000355e+00 1.032986253085626638e+00
7.250000000000000000e+00 1.041937296293603321e+00
7.350000000000000533e+00 1.052931682482942444e+00
7.450000000000000178e+00 1.035348653812354414e+00
7.550000000000000711e+00 1.038446297440378974e+00
7.650000000000000355e+00 1.027193848740149962e+00
7.750000000000000000e+00 1.019828537172515093e+00
7.850000000000000533e+00 1.012241763391740879e+00
7.950000000000000178e+00 1.002985961200988818e+00
8.050000000000000711e+00 1.002743441890312948e+00
8.150000000000000355e+00 9.934401295169279500e-01
8.250000000000000000e+00 9.987894150809282223e-01
8.350000000000001421e+00 9.843571541570352856e-01
8.449999999999999289e+00 9.840388891130562588e-01
8.550000000000000711e+00 9.913180306842469536e-01
8.650000000000000355e+00 9.874255448971999138e-01
8.750000000000000000e+00 9.859028995336150958e-01
8.850000000000001421e+00 9.823071681931506705e-01
8.949999999999999289e+00 1.001932344196114766e+00
9.050000000000000711e+00 9.933746407092446384e-01
9.150000000000000355e+00 9.896460876427177755e-01
9.250000000000000000e+00 1.000681950000554377e+00
9.350000000000001421e+00 9.965143769674128515e-01
9.449999999999999289e+00 9.982213898827415610e-01
9.550000000000000711e+00 9.991523213877161469e-01
9.650000000000002132e+00 9.959185629812641327e-01
9.750000000000000000e+00 1.002957134055473043e+00
9.850000000000001421e+00 1.002959297452728160e+00
9.949999999999999289e+00 9.952404432486444685e-01
