# Time (ps)	RMSD (Å)
0.000000000000000000e+00 2.821094597586594633e-06
1.000000000000000000e+01 1.184563236573236189e+01
2.000000000000000000e+01 1.350205070267757712e+01
3.000000000000000000e+01 1.471050070779734753e+01
4.000000000000000000e+01 1.553209639772243378e+01
5.000000000000000000e+01 1.592445318371492924e+01
6.000000000000000000e+01 1.692870039471730337e+01
7.000000000000000000e+01 1.774542976274413775e+01
8.000000000000000000e+01 1.821895662975796881e+01
9.000000000000000000e+01 1.869612660531529258e+01
1.000000000000000000e+02 1.904489060822579205e+01
1.100000000000000000e+02 1.933254387894533721e+01
1.200000000000000000e+02 2.040750507675209846e+01
1.300000000000000000e+02 2.097684820723906896e+01
1.400000000000000000e+02 2.109300632622390737e+01
1.500000000000000000e+02 2.100583746121853324e+01
1.600000000000000000e+02 2.183289875852013395e+01
1.700000000000000000e+02 2.179983773369269784e+01
1.800000000000000000e+02 2.207420400197695542e+01
1.900000000000000000e+02 2.202347060885992747e+01
2.000000000000000000e+02 2.268130665244965627e+01
2.100000000000000000e+02 2.282760412584108423e+01
2.200000000000000000e+02 2.280400767186693756e+01
2.300000000000000000e+02 2.347706697327366143e+01
2.400000000000000000e+02 2.365855201829621635e+01
2.500000000000000000e+02 2.391638457034028775e+01
2.600000000000000000e+02 2.388090337219448855e+01
2.700000000000000000e+02 2.431371059755808872e+01
2.800000000000000000e+02 2.434670853279640923e+01
2.900000000000000000e+02 2.433569852923950094e+01
3.000000000000000000e+02 2.457073533694024192e+01
3.100000000000000000e+02 2.479047152915170571e+01
3.200000000000000000e+02 2.487942873190258553e+01
3.300000000000000000e+02 2.505279824143360656e+01
3.400000000000000000e+02 2.510531555060159192e+01
3.500000000000000000e+02 2.535314286769356684e+01
3.600000000000000000e+02 2.559396958598148331e+01
3.700000000000000000e+02 2.574511924480776770e+01
3.800000000000000000e+02 2.603123597251647681e+01
3.900000000000000000e+02 2.636610290645162280e+01
4.000000000000000000e+02 2.632218854390186991e+01
4.100000000000000000e+02 2.646638277749253021e+01
4.200000000000000000e+02 2.645346877013832909e+01
4.300000000000000000e+02 2.663160485032686609e+01
4.400000000000000000e+02 2.695827881684781957e+01
4.500000000000000000e+02 2.705159403905526716e+01
4.600000000000000000e+02 2.703474543542042241e+01
4.700000000000000000e+02 2.716836041330290996e+01
4.800000000000000000e+02 2.715697766277565250e+01
4.900000000000000000e+02 2.740983183793255051e+01
5.000000000000000000e+02 2.763496975287973711e+01
5.100000000000000000e+02 2.790560041359390198e+01
5.200000000000000000e+02 2.781002875366890947e+01
5.300000000000000000e+02 2.797148372547705364e+01
5.400000000000000000e+02 2.810899233609858783e+01
5.500000000000000000e+02 2.816735017093997584e+01
5.600000000000000000e+02 2.812329001308343024e+01
5.700000000000000000e+02 2.844375918724707475e+01
5.800000000000000000e+02 2.822403645642991776e+01
5.900000000000000000e+02 2.844510247858573138e+01
6.000000000000000000e+02 2.866083267406123625e+01
6.100000000000000000e+02 2.884467193370719684e+01
6.200000000000000000e+02 2.889341921437254257e+01
6.300000000000000000e+02 2.896064108111159641e+01
6.400000000000000000e+02 2.907302999631588847e+01
6.500000000000000000e+02 2.910030291144936143e+01
6.600000000000000000e+02 2.913494164386150587e+01
6.700000000000000000e+02 2.921025742070356657e+01
6.800000000000000000e+02 2.950463913745838340e+01
6.900000000000000000e+02 2.937893760020586598e+01
7.000000000000000000e+02 2.935644079191777323e+01
7.100000000000000000e+02 2.966585514040527372e+01
7.200000000000000000e+02 2.951037050746064594e+01
7.300000000000000000e+02 2.964159989234604353e+01
7.400000000000000000e+02 2.962533430625087050e+01
7.500000000000000000e+02 2.972364481256026636e+01
7.600000000000000000e+02 2.995222865662029221e+01
7.700000000000000000e+02 2.984363437522096518e+01
7.800000000000000000e+02 2.983498406099948141e+01
7.900000000000000000e+02 2.995597181143421750e+01
8.000000000000000000e+02 3.004175484130155027e+01
8.100000000000000000e+02 2.995195717586143758e+01
8.200000000000000000e+02 3.022487556579968526e+01
8.300000000000000000e+02 3.038383639261785163e+01
8.400000000000000000e+02 3.040307744184926264e+01
8.500000000000000000e+02 3.040932834978529442e+01
8.600000000000000000e+02 3.044492807481242380e+01
8.700000000000000000e+02 3.062434973679268424e+01
8.800000000000000000e+02 3.068880722720045995e+01
8.900000000000000000e+02 3.067660309342177172e+01
9.000000000000000000e+02 3.064727831929619484e+01
9.100000000000000000e+02 3.085497744193692071e+01
9.200000000000000000e+02 3.084036981901066810e+01
9.300000000000000000e+02 3.090503443188077171e+01
9.400000000000000000e+02 3.085257659279561793e+01
9.500000000000000000e+02 3.101517316459217355e+01
9.600000000000000000e+02 3.092038017132896854e+01
9.700000000000000000e+02 3.089883256618152885e+01
9.800000000000000000e+02 3.110481061819603710e+01
9.900000000000000000e+02 3.112931885445284053e+01
1.000000000000000000e+03 3.130163013362568947e+01
1.010000000000000000e+03 3.147345360010379878e+01
1.020000000000000000e+03 3.137062399016308945e+01
1.030000000000000000e+03 3.136257667901389468e+01
1.040000000000000000e+03 3.145543784291001188e+01
1.050000000000000000e+03 3.140277067305198955e+01
1.060000000000000000e+03 3.159611164043869280e+01
1.070000000000000000e+03 3.163018401867513418e+01
1.080000000000000000e+03 3.144597860970373659e+01
1.090000000000000000e+03 3.165320148955737878e+01
1.100000000000000000e+03 3.183990933999239914e+01
1.110000000000000000e+03 3.183528825417489116e+01
1.120000000000000000e+03 3.186282880587137001e+01
1.130000000000000000e+03 3.192042602057746947e+01
1.140000000000000000e+03 3.186774618433242878e+01
1.150000000000000000e+03 3.188588162858093256e+01
1.160000000000000000e+03 3.199143185220713548e+01
1.170000000000000000e+03 3.215280448488240239e+01
1.180000000000000000e+03 3.209465821919661010e+01
1.190000000000000000e+03 3.224467327559429464e+01
1.200000000000000000e+03 3.209935308733095383e+01
1.210000000000000000e+03 3.222137825053992088e+01
1.220000000000000000e+03 3.230886285696749383e+01
1.230000000000000000e+03 3.245220943073886133e+01
1.240000000000000000e+03 3.255686498262019768e+01
1.250000000000000000e+03 3.255792270062276828e+01
1.260000000000000000e+03 3.265820745558162486e+01
1.270000000000000000e+03 3.248111380180921515e+01
1.280000000000000000e+03 3.266600541463828478e+01
1.290000000000000000e+03 3.274378548190351523e+01
1.300000000000000000e+03 3.261585628372739620e+01
1.310000000000000000e+03 3.269509206506539556e+01
1.320000000000000000e+03 3.292162196110594152e+01
1.330000000000000000e+03 3.287211094503499709e+01
1.340000000000000000e+03 3.294116492501228777e+01
1.350000000000000000e+03 3.274112598253636008e+01
1.360000000000000000e+03 3.284868962252365776e+01
1.370000000000000000e+03 3.297946531113842639e+01
1.380000000000000000e+03 3.313246375204774097e+01
1.390000000000000000e+03 3.315891211421482154e+01
1.400000000000000000e+03 3.320906225831752323e+01
1.410000000000000000e+03 3.345270797573057564e+01
1.420000000000000000e+03 3.342081720007606549e+01
1.430000000000000000e+03 3.357509123347823277e+01
1.440000000000000000e+03 3.348745089125007013e+01
1.450000000000000000e+03 3.346540323858067012e+01
1.460000000000000000e+03 3.349378321057314878e+01
1.470000000000000000e+03 3.366491060640381505e+01
1.480000000000000000e+03 3.373084292055861511e+01
1.490000000000000000e+03 3.368392201569159283e+01
1.500000000000000000e+03 3.366858406453253849e+01
1.510000000000000000e+03 3.365313680966790599e+01
1.520000000000000000e+03 3.373984373172241646e+01
1.530000000000000000e+03 3.379945923746833358e+01
1.540000000000000000e+03 3.384373505393410397e+01
1.550000000000000000e+03 3.368078152807703418e+01
1.560000000000000000e+03 3.387151436585622832e+01
1.570000000000000000e+03 3.390922984945306951e+01
1.580000000000000000e+03 3.383200020176108325e+01
1.590000000000000000e+03 3.389571784965313128e+01
1.600000000000000000e+03 3.416216863086142297e+01
1.610000000000000000e+03 3.409396677074023785e+01
1.620000000000000000e+03 3.419568513772883023e+01
1.630000000000000000e+03 3.421925586649637552e+01
1.640000000000000000e+03 3.426151546275983151e+01
1.650000000000000000e+03 3.429349856902705795e+01
1.660000000000000000e+03 3.428858057081885136e+01
1.670000000000000000e+03 3.424153323305115748e+01
1.680000000000000000e+03 3.422649112253316872e+01
1.690000000000000000e+03 3.425790334045254326e+01
1.700000000000000000e+03 3.427838402960949793e+01
1.710000000000000000e+03 3.437290998057956415e+01
1.720000000000000000e+03 3.425050216584757123e+01
1.730000000000000000e+03 3.447847266130253985e+01
1.740000000000000000e+03 3.444681478063105828e+01
1.750000000000000000e+03 3.451707884205193011e+01
1.760000000000000000e+03 3.451358924030368058e+01
1.770000000000000000e+03 3.450804135114406535e+01
1.780000000000000000e+03 3.454730407295030403e+01
1.790000000000000000e+03 3.479314443372556553e+01
1.800000000000000000e+03 3.474741724051694547e+01
1.810000000000000000e+03 3.473227279417672975e+01
1.820000000000000000e+03 3.452070728099431562e+01
1.830000000000000000e+03 3.461086551592987348e+01
1.840000000000000000e+03 3.471015272322129164e+01
1.850000000000000000e+03 3.464443884320807854e+01
1.860000000000000000e+03 3.460298538267866775e+01
1.870000000000000000e+03 3.466492375532301651e+01
1.880000000000000000e+03 3.476094692082615012e+01
1.890000000000000000e+03 3.470859206272739073e+01
1.900000000000000000e+03 3.485846476752386280e+01
1.910000000000000000e+03 3.477222489112819659e+01
1.920000000000000000e+03 3.470762209131645903e+01
1.930000000000000000e+03 3.489990329405469538e+01
1.940000000000000000e+03 3.480450051596884720e+01
1.950000000000000000e+03 3.490718888973008660e+01
1.960000000000000000e+03 3.481624429355611028e+01
1.970000000000000000e+03 3.495286169146520194e+01
1.980000000000000000e+03 3.482938307451841808e+01
1.990000000000000000e+03 3.488699664748234852e+01
2.000000000000000000e+03 3.490080036038258982e+01
2.010000000000000000e+03 3.495355130659164899e+01
2.020000000000000000e+03 3.484839008890634915e+01
2.030000000000000000e+03 3.493312200529643263e+01
2.040000000000000000e+03 3.507818251223078221e+01
2.050000000000000000e+03 3.508717036764565478e+01
2.060000000000000000e+03 3.505814670275460543e+01
2.070000000000000000e+03 3.510952550184431686e+01
2.080000000000000000e+03 3.523990770810586781e+01
2.090000000000000000e+03 3.521021020821439151e+01
2.100000000000000000e+03 3.521973909416211512e+01
2.110000000000000000e+03 3.520924325600328331e+01
2.120000000000000000e+03 3.496989830791273590e+01
2.130000000000000000e+03 3.520764843636425212e+01
2.140000000000000000e+03 3.532036200552193606e+01
2.150000000000000000e+03 3.535096489824213251e+01
2.160000000000000000e+03 3.537420087756399312e+01
2.170000000000000000e+03 3.540931898221283092e+01
2.180000000000000000e+03 3.540916732651367482e+01
2.190000000000000000e+03 3.539445243834599353e+01
2.200000000000000000e+03 3.541226445315031413e+01
2.210000000000000000e+03 3.545744930240500281e+01
2.220000000000000000e+03 3.535967884263995842e+01
2.230000000000000000e+03 3.551135756540387689e+01
2.240000000000000000e+03 3.545000389083029546e+01
2.250000000000000000e+03 3.552690522571174370e+01
2.260000000000000000e+03 3.547446890542017428e+01
2.270000000000000000e+03 3.556583957749808178e+01
2.280000000000000000e+03 3.563798924463524287e+01
2.290000000000000000e+03 3.559683034258355150e+01
2.300000000000000000e+03 3.551452303904384422e+01
2.310000000000000000e+03 3.556887978922249260e+01
2.320000000000000000e+03 3.575696820824163780e+01
2.330000000000000000e+03 3.594429906243068018e+01
2.340000000000000000e+03 3.581763966838193625e+01
2.350000000000000000e+03 3.570414445986256879e+01
2.360000000000000000e+03 3.571234780238411588e+01
2.370000000000000000e+03 3.571876854292835191e+01
2.380000000000000000e+03 3.572655940094055182e+01
2.390000000000000000e+03 3.569948440809356782e+01
2.400000000000000000e+03 3.582035935803716598e+01
2.410000000000000000e+03 3.573529071402981572e+01
2.420000000000000000e+03 3.574411056715890567e+01
2.430000000000000000e+03 3.582736362760856963e+01
2.440000000000000000e+03 3.589701570142678122e+01
2.450000000000000000e+03 3.587715501244176863e+01
2.460000000000000000e+03 3.600123167915375433e+01
2.470000000000000000e+03 3.595275004135663011e+01
2.480000000000000000e+03 3.589339220996826185e+01
2.490000000000000000e+03 3.595156659702447399e+01
2.500000000000000000e+03 3.588041880736870581e+01
2.510000000000000000e+03 3.582831886543493027e+01
2.520000000000000000e+03 3.586538710003408426e+01
2.530000000000000000e+03 3.590056414526156203e+01
2.540000000000000000e+03 3.603186414449324104e+01
2.550000000000000000e+03 3.597731418920567137e+01
2.560000000000000000e+03 3.604059215335096411e+01
2.570000000000000000e+03 3.610360568690898475e+01
2.580000000000000000e+03 3.612174543390965198e+01
2.590000000000000000e+03 3.606613707426109983e+01
2.600000000000000000e+03 3.611456316901117702e+01
2.610000000000000000e+03 3.608180625904575578e+01
2.620000000000000000e+03 3.610504636043542348e+01
2.630000000000000000e+03 3.625622953702087159e+01
2.640000000000000000e+03 3.629353849347573657e+01
2.650000000000000000e+03 3.611112053628176000e+01
2.660000000000000000e+03 3.610993591295785166e+01
2.670000000000000000e+03 3.615561132397599664e+01
2.680000000000000000e+03 3.627944677304518706e+01
2.690000000000000000e+03 3.619112478712101222e+01
2.700000000000000000e+03 3.626809840730224010e+01
2.710000000000000000e+03 3.630475462512870166e+01
2.720000000000000000e+03 3.623302220509768290e+01
2.730000000000000000e+03 3.632889363648235559e+01
2.740000000000000000e+03 3.636807723844098206e+01
2.750000000000000000e+03 3.647022211164869532e+01
2.760000000000000000e+03 3.635114961850539572e+01
2.770000000000000000e+03 3.639586894460565247e+01
2.780000000000000000e+03 3.637020714431933754e+01
2.790000000000000000e+03 3.635912233191218945e+01
2.800000000000000000e+03 3.633893601545855745e+01
2.810000000000000000e+03 3.644404261406240408e+01
2.820000000000000000e+03 3.641151169949038291e+01
2.830000000000000000e+03 3.654997349265682516e+01
2.840000000000000000e+03 3.667865969339549537e+01
2.850000000000000000e+03 3.660296021977223546e+01
2.860000000000000000e+03 3.667191975282974425e+01
2.870000000000000000e+03 3.667765046804107243e+01
2.880000000000000000e+03 3.663033498916211528e+01
2.890000000000000000e+03 3.664554626341255528e+01
2.900000000000000000e+03 3.655515600240358509e+01
2.910000000000000000e+03 3.651254245711266577e+01
2.920000000000000000e+03 3.653617306985273672e+01
2.930000000000000000e+03 3.655501456393034942e+01
2.940000000000000000e+03 3.654677217062837258e+01
2.950000000000000000e+03 3.655338608270023570e+01
2.960000000000000000e+03 3.660147314461249124e+01
2.970000000000000000e+03 3.663396654290617960e+01
2.980000000000000000e+03 3.663317738262321654e+01
2.990000000000000000e+03 3.672101319275083853e+01
3.000000000000000000e+03 3.678187499720937836e+01
3.010000000000000000e+03 3.676461425620877321e+01
3.020000000000000000e+03 3.680567597553400105e+01
3.030000000000000000e+03 3.684957823674262301e+01
3.040000000000000000e+03 3.679579466797714105e+01
3.050000000000000000e+03 3.681050131930133773e+01
3.060000000000000000e+03 3.674289142639101868e+01
3.070000000000000000e+03 3.690340037496277859e+01
3.080000000000000000e+03 3.695875058042772565e+01
3.090000000000000000e+03 3.694978224815714185e+01
3.100000000000000000e+03 3.696598763083230210e+01
3.110000000000000000e+03 3.694660194657874541e+01
3.120000000000000000e+03 3.689017074605561675e+01
3.130000000000000000e+03 3.708589677188675893e+01
3.140000000000000000e+03 3.692839991878564376e+01
3.150000000000000000e+03 3.709955583461385942e+01
3.160000000000000000e+03 3.704118846639575224e+01
3.170000000000000000e+03 3.702453202758215411e+01
3.180000000000000000e+03 3.707604577914499799e+01
3.190000000000000000e+03 3.709368807898646736e+01
3.200000000000000000e+03 3.718279984860372878e+01
3.210000000000000000e+03 3.702890095326355180e+01
3.220000000000000000e+03 3.700055823766846430e+01
3.230000000000000000e+03 3.694998235506682960e+01
3.240000000000000000e+03 3.710411625808779945e+01
3.250000000000000000e+03 3.715957384231928984e+01
3.260000000000000000e+03 3.718600023740569327e+01
3.270000000000000000e+03 3.713489525570648908e+01
3.280000000000000000e+03 3.702132671920998774e+01
3.290000000000000000e+03 3.704884668183194663e+01
3.300000000000000000e+03 3.705636115470377945e+01
3.310000000000000000e+03 3.696862980107847818e+01
3.320000000000000000e+03 3.693566388404401124e+01
3.330000000000000000e+03 3.709495275496055200e+01
3.340000000000000000e+03 3.710083580381879642e+01
3.350000000000000000e+03 3.713870730796963926e+01
3.360000000000000000e+03 3.710652510519484082e+01
3.370000000000000000e+03 3.709172468406381995e+01
3.380000000000000000e+03 3.703819109273251797e+01
3.390000000000000000e+03 3.699815397056464406e+01
3.400000000000000000e+03 3.712119382860750960e+01
3.410000000000000000e+03 3.711493830554356066e+01
3.420000000000000000e+03 3.711934036592499098e+01
3.430000000000000000e+03 3.704741448021059114e+01
3.440000000000000000e+03 3.702602855908265411e+01
3.450000000000000000e+03 3.706646404419684160e+01
3.460000000000000000e+03 3.708651982752755316e+01
3.470000000000000000e+03 3.710589665236837931e+01
3.480000000000000000e+03 3.716223531532323676e+01
3.490000000000000000e+03 3.714515493357578890e+01
3.500000000000000000e+03 3.730427676225490075e+01
3.510000000000000000e+03 3.716681716358380783e+01
3.520000000000000000e+03 3.710669485477232143e+01
3.530000000000000000e+03 3.713330581024860066e+01
3.540000000000000000e+03 3.721527435627783831e+01
3.550000000000000000e+03 3.728610881006839861e+01
3.560000000000000000e+03 3.724910782250960040e+01
3.570000000000000000e+03 3.735258547350453995e+01
3.580000000000000000e+03 3.734555887897972326e+01
3.590000000000000000e+03 3.736522994656466778e+01
3.600000000000000000e+03 3.722237261307276412e+01
3.610000000000000000e+03 3.725790868980602966e+01
3.620000000000000000e+03 3.732928615105432613e+01
3.630000000000000000e+03 3.729702706328505712e+01
3.640000000000000000e+03 3.719017521130616899e+01
3.650000000000000000e+03 3.726884295824520876e+01
3.660000000000000000e+03 3.724122850066845558e+01
3.670000000000000000e+03 3.726761511123326898e+01
3.680000000000000000e+03 3.729608597360312672e+01
3.690000000000000000e+03 3.731929444037105270e+01
3.700000000000000000e+03 3.731577556127056283e+01
3.710000000000000000e+03 3.732397070987530441e+01
3.720000000000000000e+03 3.745400051413030695e+01
3.730000000000000000e+03 3.741116954774632575e+01
3.740000000000000000e+03 3.745391406160333503e+01
3.750000000000000000e+03 3.743928116409634299e+01
3.760000000000000000e+03 3.755737158132371434e+01
3.770000000000000000e+03 3.758370382694678824e+01
3.780000000000000000e+03 3.756306598415508091e+01
3.790000000000000000e+03 3.758890666664778735e+01
3.800000000000000000e+03 3.764896250268856193e+01
3.810000000000000000e+03 3.763856051206731479e+01
3.820000000000000000e+03 3.769430551992385148e+01
3.830000000000000000e+03 3.762975707400153880e+01
3.840000000000000000e+03 3.775785451828076589e+01
3.850000000000000000e+03 3.773451329538370658e+01
3.860000000000000000e+03 3.765329325413242856e+01
3.870000000000000000e+03 3.783315968107253724e+01
3.880000000000000000e+03 3.771277274566610771e+01
3.890000000000000000e+03 3.769522017500381850e+01
3.900000000000000000e+03 3.768086586711363140e+01
3.910000000000000000e+03 3.772464039398686708e+01
3.920000000000000000e+03 3.771066171487365182e+01
3.930000000000000000e+03 3.772056715087374101e+01
3.940000000000000000e+03 3.762730319757851305e+01
3.950000000000000000e+03 3.778009848115837599e+01
3.960000000000000000e+03 3.770349443795932132e+01
3.970000000000000000e+03 3.774822601455441884e+01
3.980000000000000000e+03 3.775750711512371538e+01
3.990000000000000000e+03 3.771054019427739235e+01
4.000000000000000000e+03 3.771810165183553920e+01
4.010000000000000000e+03 3.779869220418456166e+01
4.020000000000000000e+03 3.771369132875152985e+01
4.030000000000000000e+03 3.763215355684639007e+01
4.040000000000000000e+03 3.779533577856170723e+01
4.050000000000000000e+03 3.778141160591748360e+01
4.060000000000000000e+03 3.778208479298213973e+01
4.070000000000000000e+03 3.778073543099726805e+01
4.080000000000000000e+03 3.777600732166985864e+01
4.090000000000000000e+03 3.780825022655858447e+01
4.100000000000000000e+03 3.776039291229935202e+01
4.110000000000000000e+03 3.784213314053494770e+01
4.120000000000000000e+03 3.793386785477466105e+01
4.130000000000000000e+03 3.784155962072187407e+01
4.140000000000000000e+03 3.781126225832369414e+01
4.150000000000000000e+03 3.775128984715573210e+01
4.160000000000000000e+03 3.797261788634020974e+01
4.170000000000000000e+03 3.781880099307234389e+01
4.180000000000000000e+03 3.783004899567076507e+01
4.190000000000000000e+03 3.804972259613294483e+01
4.200000000000000000e+03 3.794289224601659072e+01
4.210000000000000000e+03 3.785745437323434714e+01
4.220000000000000000e+03 3.784124353741470514e+01
4.230000000000000000e+03 3.783229149490058774e+01
4.240000000000000000e+03 3.793875974505463233e+01
4.250000000000000000e+03 3.786481097873126345e+01
4.260000000000000000e+03 3.795895075310658484e+01
4.270000000000000000e+03 3.797419866335904004e+01
4.280000000000000000e+03 3.797003764276513493e+01
4.290000000000000000e+03 3.811415230564761458e+01
4.300000000000000000e+03 3.806297738095808825e+01
4.310000000000000000e+03 3.815222761367208903e+01
4.320000000000000000e+03 3.816825785124260761e+01
4.330000000000000000e+03 3.815627386503601315e+01
4.340000000000000000e+03 3.811409939671626290e+01
4.350000000000000000e+03 3.806774245277597402e+01
4.360000000000000000e+03 3.816221527250736756e+01
4.370000000000000000e+03 3.821344595107576225e+01
4.380000000000000000e+03 3.813783298654365694e+01
4.390000000000000000e+03 3.809921786892936524e+01
4.400000000000000000e+03 3.824049756424778224e+01
4.410000000000000000e+03 3.824100848291598709e+01
4.420000000000000000e+03 3.824550044891703493e+01
4.430000000000000000e+03 3.824078441821275476e+01
4.440000000000000000e+03 3.816263414906291729e+01
4.450000000000000000e+03 3.815850294352136274e+01
4.460000000000000000e+03 3.831122253196528504e+01
4.470000000000000000e+03 3.836309843848430745e+01
4.480000000000000000e+03 3.837316029682513374e+01
4.490000000000000000e+03 3.835048916781485673e+01
4.500000000000000000e+03 3.843072144871741358e+01
4.510000000000000000e+03 3.835903984399259059e+01
4.520000000000000000e+03 3.834489659949645102e+01
4.530000000000000000e+03 3.830781565035668734e+01
4.540000000000000000e+03 3.830475701303430469e+01
4.550000000000000000e+03 3.834429811805614463e+01
4.560000000000000000e+03 3.840751921726900520e+01
4.570000000000000000e+03 3.833703511506933381e+01
4.580000000000000000e+03 3.841223316246359332e+01
4.590000000000000000e+03 3.841313500100118716e+01
4.600000000000000000e+03 3.824608409587332858e+01
4.610000000000000000e+03 3.828313933423810056e+01
4.620000000000000000e+03 3.838851762143746527e+01
4.630000000000000000e+03 3.846538097749758123e+01
4.640000000000000000e+03 3.831018245082139373e+01
4.650000000000000000e+03 3.833235236880863539e+01
4.660000000000000000e+03 3.837708377767268786e+01
4.670000000000000000e+03 3.838601349964205411e+01
4.680000000000000000e+03 3.852966669462551152e+01
4.690000000000000000e+03 3.846520707055037036e+01
4.700000000000000000e+03 3.844864097103649669e+01
4.710000000000000000e+03 3.833014917070065053e+01
4.720000000000000000e+03 3.843838611542018668e+01
4.730000000000000000e+03 3.854953983841377152e+01
4.740000000000000000e+03 3.842425781179273514e+01
4.750000000000000000e+03 3.829642829467115206e+01
4.760000000000000000e+03 3.838081331725189216e+01
4.770000000000000000e+03 3.840232667360488250e+01
4.780000000000000000e+03 3.841179632076985229e+01
4.790000000000000000e+03 3.839428313235989521e+01
4.800000000000000000e+03 3.840818140055921504e+01
4.810000000000000000e+03 3.838675842654792802e+01
4.820000000000000000e+03 3.847841457046251890e+01
4.830000000000000000e+03 3.848313683320232315e+01
4.840000000000000000e+03 3.851042682690157193e+01
4.850000000000000000e+03 3.847804415468697670e+01
4.860000000000000000e+03 3.848972059941018387e+01
4.870000000000000000e+03 3.852823023716290862e+01
4.880000000000000000e+03 3.841703403206319223e+01
4.890000000000000000e+03 3.858082185819058907e+01
4.900000000000000000e+03 3.843844637974833489e+01
4.910000000000000000e+03 3.854408478363393442e+01
4.920000000000000000e+03 3.848385379021810593e+01
4.930000000000000000e+03 3.844385787457815695e+01
4.940000000000000000e+03 3.847328829605572764e+01
4.950000000000000000e+03 3.840772308844209704e+01
4.960000000000000000e+03 3.844755148401859657e+01
4.970000000000000000e+03 3.848877933927685291e+01
4.980000000000000000e+03 3.843360239656298205e+01
4.990000000000000000e+03 3.845939764292421614e+01
5.000000000000000000e+03 3.852038415846974573e+01
