Time (ps)	Potential	Kinetic	Total
0.000000	1.000000	1.000000	1.000000
10.000000	0.010293	-0.054987	-0.011063
20.000000	-0.071842	0.002278	-0.042166
30.000000	0.055270	-0.011425	0.060024
40.000000	-0.039277	0.015784	-0.048223
50.000000	-0.035847	-0.093654	-0.032514
60.000000	0.057259	-0.047048	0.052710
70.000000	-0.040430	-0.037260	-0.029529
80.000000	-0.043995	-0.057126	-0.032150
90.000000	0.028186	-0.063721	0.012377
100.000000	-0.051155	-0.048851	-0.075180
110.000000	0.015080	-0.026443	0.031311
120.000000	0.005876	0.040303	-0.015187
130.000000	-0.040643	0.051111	-0.027570
140.000000	0.015668	0.016654	-0.008875
150.000000	0.033538	0.040893	0.101022
160.000000	-0.013959	0.023990	-0.058028
170.000000	0.056099	0.027089	0.066245
180.000000	-0.016483	0.006591	0.008487
190.000000	0.028422	0.018995	0.002974
200.000000	0.011379	-0.027609	-0.037708
210.000000	0.078684	0.004960	0.012861
220.000000	0.089507	-0.056066	0.074693
230.000000	0.054531	0.031520	0.011454
240.000000	-0.012555	-0.026342	-0.022479
250.000000	-0.005860	0.056158	0.014456
260.000000	-0.053900	-0.064243	-0.010572
270.000000	-0.042481	-0.072512	-0.074042
280.000000	0.106926	0.036624	0.147929
290.000000	-0.034314	0.036301	0.002207
300.000000	-0.063386	0.022211	-0.032740
310.000000	0.047363	0.012889	0.017527
320.000000	-0.033320	0.038005	-0.001245
330.000000	-0.011251	-0.019176	-0.003257
340.000000	0.062595	-0.021106	0.049801
350.000000	-0.034188	-0.009877	-0.052303
360.000000	-0.071884	0.008259	-0.042235
370.000000	0.016457	0.058797	0.012319
380.000000	-0.039915	0.007455	-0.015090
390.000000	0.018728	0.015500	-0.061301
400.000000	0.034382	0.026443	0.043943
410.000000	-0.024806	0.045000	-0.041086
420.000000	-0.021245	-0.076397	-0.009270
430.000000	0.018754	-0.013926	-0.030581
440.000000	0.034839	0.016268	0.023539
450.000000	0.028738	0.001004	0.063339
460.000000	-0.023883	-0.095276	-0.036639
470.000000	0.025833	-0.039985	-0.001868
480.000000	-0.021120	-0.056558	-0.061978
490.000000	0.045195	-0.075086	-0.000830
500.000000	-0.058674	-0.007668	-0.057875
510.000000	-0.030339	-0.020536	-0.105938
520.000000	-0.033577	0.008061	-0.047269
530.000000	0.004326	0.065074	0.045375
540.000000	-0.076215	0.092397	-0.077726
550.000000	0.023259	0.008324	0.044799
560.000000	0.029630	-0.010561	0.052520
570.000000	-0.043157	-0.006964	-0.084729
580.000000	-0.006145	-0.013758	-0.028919
590.000000	0.019767	-0.048219	0.033674
600.000000	0.060392	0.044212	0.040375
610.000000	-0.040617	0.030691	0.036831
620.000000	-0.021469	0.000752	-0.003733
630.000000	-0.022525	-0.001092	-0.012173
640.000000	0.110180	0.011678	0.060766
650.000000	-0.028562	-0.069036	-0.030340
660.000000	-0.045990	0.044888	0.006018
670.000000	0.007790	-0.051387	-0.014318
680.000000	0.023200	0.042469	0.002187
690.000000	-0.051113	0.078405	0.011883
700.000000	0.014626	0.092262	0.021580
710.000000	-0.020957	-0.048157	-0.037137
720.000000	-0.016170	-0.010315	-0.068328
730.000000	0.031692	-0.062024	0.031066
740.000000	0.003085	0.073730	0.001666
750.000000	0.044760	0.011230	0.059693
760.000000	-0.037652	0.029816	-0.048343
770.000000	-0.038746	-0.053766	0.005543
780.000000	-0.003370	-0.007964	0.013074
790.000000	-0.005374	-0.081750	-0.067892
800.000000	-0.023760	-0.028264	-0.026951
810.000000	-0.008912	0.007860	0.035956
820.000000	0.063395	0.071808	0.036065
830.000000	0.018761	-0.005286	0.033197
840.000000	-0.020108	0.070379	0.009451
850.000000	-0.106114	0.043331	-0.048818
860.000000	0.065236	-0.012623	0.055217
870.000000	0.136004	-0.046473	0.122390
880.000000	-0.023173	0.019676	-0.015581
890.000000	0.020607	0.037557	0.099737
900.000000	0.084034	-0.024870	0.081072
910.000000	0.021893	0.046074	0.009659
920.000000	-0.009104	-0.076552	-0.040948
930.000000	0.023117	0.036627	0.037936
940.000000	-0.089638	0.011130	-0.108139
950.000000	0.008252	0.022398	-0.058819
960.000000	-0.019185	-0.021671	-0.055551
970.000000	-0.011699	0.026303	0.035489
980.000000	0.083338	-0.041300	0.046774
990.000000	-0.023147	0.036226	0.006373
1000.000000	-0.092604	-0.022398	-0.082227
1010.000000	0.000001	-0.015192	0.001364
1020.000000	-0.046129	-0.032215	0.017855
1030.000000	0.030312	0.019456	0.003706
1040.000000	0.070159	0.015563	0.130108
1050.000000	0.031179	0.056686	0.048641
1060.000000	-0.000990	-0.038772	-0.028789
1070.000000	0.034155	-0.032477	-0.045565
1080.000000	-0.019916	-0.043777	-0.004321
1090.000000	-0.013039	0.031230	-0.016672
1100.000000	0.001181	-0.117588	-0.059188
1110.000000	0.056430	-0.009966	0.022328
1120.000000	-0.046907	-0.070493	-0.045857
1130.000000	-0.057016	-0.001199	-0.058457
1140.000000	-0.040222	0.031972	0.007127
1150.000000	-0.001798	0.042084	0.042169
1160.000000	-0.085655	0.038403	-0.000175
1170.000000	-0.083094	-0.001347	-0.043257
1180.000000	-0.090213	-0.056939	-0.064196
1190.000000	0.081950	0.054833	0.041803
1200.000000	0.082613	-0.007699	0.063236
1210.000000	0.035134	0.020665	-0.008960
1220.000000	-0.009631	0.090168	0.048783
1230.000000	-0.022596	-0.009866	-0.058076
1240.000000	-0.029156	-0.060538	-0.087069
1250.000000	-0.029264	0.004911	-0.018752
1260.000000	0.044457	-0.014824	-0.021944
1270.000000	0.000750	-0.074892	0.039281
1280.000000	-0.044728	-0.018560	0.016595
1290.000000	-0.010533	-0.082810	-0.028340
1300.000000	0.025022	0.101419	0.031039
1310.000000	-0.037827	-0.069083	-0.084013
1320.000000	0.020408	-0.029706	-0.084030
1330.000000	0.019809	0.019460	0.073460
1340.000000	-0.048951	-0.002450	-0.054367
1350.000000	-0.024654	-0.009510	0.004112
1360.000000	-0.047013	0.039296	-0.064142
1370.000000	-0.044694	-0.055921	-0.042368
1380.000000	-0.087459	0.046812	-0.075033
1390.000000	-0.061425	0.046091	-0.047179
1400.000000	-0.112817	-0.098622	-0.166475
1410.000000	-0.043577	-0.092384	-0.046426
1420.000000	0.147236	0.046002	0.074506
1430.000000	0.008890	0.045517	0.011651
1440.000000	0.127108	0.031908	0.086778
1450.000000	-0.094148	0.060003	-0.039139
1460.000000	0.044228	-0.012291	0.027215
1470.000000	0.073977	-0.085045	0.022567
1480.000000	-0.031371	0.033665	-0.001236
1490.000000	-0.086408	-0.058681	-0.054610
1500.000000	0.004879	-0.005726	0.082157
1510.000000	0.030014	0.022723	0.060281
1520.000000	-0.045016	-0.028306	-0.017031
1530.000000	-0.012917	0.063167	-0.029462
1540.000000	-0.026610	0.020473	-0.050686
1550.000000	-0.027575	0.026347	-0.044745
1560.000000	0.018071	-0.042725	0.029137
1570.000000	-0.077327	0.017013	-0.010893
1580.000000	-0.043907	0.063148	-0.022685
1590.000000	-0.009932	0.077531	-0.005574
1600.000000	-0.056722	0.002562	-0.048290
1610.000000	-0.004415	-0.047573	0.000073
1620.000000	-0.005227	-0.088168	-0.037820
1630.000000	-0.002202	0.021807	-0.007871
1640.000000	0.044691	-0.097791	0.050264
1650.000000	0.039789	-0.015934	-0.034030
1660.000000	0.007950	-0.050066	0.016605
1670.000000	0.046953	0.060506	0.070352
1680.000000	0.006813	-0.074331	0.002642
1690.000000	-0.014034	0.015971	-0.033682
1700.000000	-0.018188	0.041103	0.006247
1710.000000	-0.073748	-0.011707	-0.027894
1720.000000	0.015283	0.004530	0.059263
1730.000000	0.043221	0.138188	0.021853
1740.000000	-0.022779	-0.064245	-0.041317
1750.000000	0.021269	0.027122	0.011881
1760.000000	0.011954	0.024346	-0.016552
1770.000000	0.010012	0.004278	0.024657
1780.000000	0.103455	-0.074503	0.128020
1790.000000	0.038560	0.008315	0.034736
1800.000000	-0.042119	-0.070920	-0.012173
1810.000000	0.048513	-0.079773	0.012786
1820.000000	0.001009	0.018572	0.054693
1830.000000	0.040417	0.024700	0.011914
1840.000000	0.061232	0.002288	0.075006
1850.000000	-0.006067	-0.020909	-0.029359
1860.000000	-0.051497	0.128359	0.036879
1870.000000	0.012148	-0.115736	-0.040766
1880.000000	0.016342	0.124594	0.052442
1890.000000	0.043045	0.050563	0.032051
1900.000000	0.019795	0.027252	-0.027881
1910.000000	0.026006	0.006920	0.087090
1920.000000	-0.068977	0.013472	-0.059654
1930.000000	0.042041	-0.036803	-0.009866
1940.000000	0.063634	-0.119374	0.018722
1950.000000	0.037275	-0.005972	-0.008906
1960.000000	-0.023708	0.053764	-0.011338
1970.000000	-0.025822	-0.067252	-0.053033
1980.000000	-0.063758	-0.022250	-0.046237
1990.000000	-0.054274	-0.068565	-0.078728
2000.000000	0.000798	-0.001654	-0.061028
2010.000000	0.002470	-0.022434	0.015253
2020.000000	-0.019188	-0.051389	-0.029628
2030.000000	-0.083742	-0.013052	-0.031900
2040.000000	0.017985	0.042891	0.022435
2050.000000	-0.041840	0.104874	-0.030835
2060.000000	0.066923	0.025459	0.037929
2070.000000	-0.052693	-0.003997	-0.021344
2080.000000	0.020608	0.073297	0.053369
2090.000000	-0.054128	-0.075374	-0.019883
2100.000000	-0.036003	-0.068993	-0.028387
2110.000000	0.061375	-0.049376	0.067409
2120.000000	0.099683	-0.032490	0.045524
2130.000000	-0.054761	0.047154	-0.059151
2140.000000	0.000482	0.037698	-0.012718
2150.000000	0.015566	-0.080571	-0.017021
2160.000000	0.046053	0.022428	-0.021006
2170.000000	0.025645	-0.076299	-0.002710
2180.000000	-0.058941	0.046697	-0.043764
2190.000000	0.007655	0.025932	-0.001415
2200.000000	-0.062902	0.032629	-0.011892
2210.000000	-0.073506	-0.001725	-0.037507
2220.000000	-0.018075	-0.082023	-0.083476
2230.000000	-0.009989	-0.112074	-0.035691
2240.000000	-0.031457	0.044002	0.001356
2250.000000	-0.050876	0.030335	-0.056968
2260.000000	0.000460	0.054287	0.068569
2270.000000	-0.068173	0.100313	-0.109961
2280.000000	-0.037981	-0.095123	-0.072314
2290.000000	0.035616	0.024142	-0.013593
2300.000000	0.037575	-0.049199	-0.033648
2310.000000	-0.008638	-0.094255	0.012586
2320.000000	0.002204	-0.053860	0.071163
2330.000000	0.101512	0.154103	0.141578
2340.000000	0.067829	-0.029742	0.027089
2350.000000	-0.022489	-0.056094	-0.057328
2360.000000	-0.025338	0.067234	0.009483
2370.000000	0.007438	0.074462	-0.027795
2380.000000	-0.011386	-0.023673	0.012063
2390.000000	-0.021278	0.148934	-0.010683
2400.000000	0.095010	-0.085887	0.033149
2410.000000	-0.030041	0.053639	0.010621
2420.000000	-0.033789	0.021232	-0.013664
2430.000000	0.077556	0.043323	0.048388
2440.000000	-0.060884	-0.061516	-0.033380
2450.000000	-0.026289	-0.008303	-0.038039
2460.000000	0.009496	-0.108509	0.035289
2470.000000	-0.020045	-0.001462	0.017690
2480.000000	-0.038469	-0.075832	0.018938
2490.000000	0.040970	-0.061947	-0.005613
2500.000000	-0.025019	0.061331	0.016901
2510.000000	-0.012329	-0.010304	-0.061937
2520.000000	-0.019090	0.041448	0.015574
2530.000000	0.044554	-0.052130	-0.016432
2540.000000	0.126090	0.041456	0.139545
2550.000000	0.082689	0.018815	0.087323
2560.000000	-0.047513	-0.070502	-0.091077
2570.000000	0.099830	0.085549	0.082861
2580.000000	-0.089285	0.073783	-0.041242
2590.000000	-0.067557	-0.027420	-0.065324
2600.000000	-0.053747	-0.010241	0.017210
2610.000000	0.031601	0.029759	0.091978
2620.000000	0.006860	-0.039598	-0.027943
2630.000000	0.086850	-0.054694	0.014386
2640.000000	0.055259	0.029371	-0.009082
2650.000000	0.063096	-0.018467	0.044217
2660.000000	0.040075	0.042513	0.074581
2670.000000	-0.048935	-0.090537	-0.055381
2680.000000	0.115992	-0.021153	0.054725
2690.000000	-0.098299	0.007088	-0.014197
2700.000000	0.011505	0.056148	-0.003230
2710.000000	0.129644	-0.012071	0.142308
2720.000000	0.022852	0.000352	0.057793
2730.000000	-0.015587	0.006617	-0.000971
2740.000000	0.047148	0.083318	0.038032
2750.000000	-0.006805	-0.031511	0.043673
2760.000000	0.089408	0.006317	0.044552
2770.000000	0.044880	-0.015102	0.066706
2780.000000	0.064829	0.009117	0.043878
2790.000000	0.046488	-0.046544	-0.052883
2800.000000	-0.038951	-0.037540	-0.028421
2810.000000	-0.113216	-0.060518	-0.083598
2820.000000	-0.074902	-0.041811	-0.126869
2830.000000	0.059626	-0.110447	-0.020323
2840.000000	-0.019287	0.008583	-0.102324
2850.000000	0.066119	-0.104139	0.039243
2860.000000	0.069147	-0.044052	0.033035
2870.000000	-0.000423	0.048785	0.032445
2880.000000	0.085521	-0.011658	0.048010
2890.000000	0.017019	0.059308	0.091571
2900.000000	-0.112563	-0.025917	-0.115729
2910.000000	-0.070843	0.093502	-0.049656
2920.000000	0.061184	-0.021332	0.090323
2930.000000	0.001938	0.016418	-0.005719
2940.000000	0.089859	-0.003617	0.085849
2950.000000	0.101873	0.206623	0.138382
2960.000000	-0.134216	-0.030385	-0.125750
2970.000000	0.019432	-0.071427	0.041978
2980.000000	0.139095	-0.086079	0.059810
2990.000000	0.030701	-0.025135	0.011066
3000.000000	-0.055474	-0.107039	-0.061296
3010.000000	0.018521	-0.068693	-0.010759
3020.000000	-0.014580	0.119935	0.020044
3030.000000	-0.060956	0.048363	-0.034656
3040.000000	0.056231	-0.098553	0.046332
3050.000000	-0.035366	0.006164	-0.013451
3060.000000	0.048230	0.013461	0.051987
3070.000000	0.036800	0.041212	0.050123
3080.000000	-0.066508	0.017667	-0.033826
3090.000000	0.048460	-0.001131	-0.077751
3100.000000	0.086589	-0.057079	0.165372
3110.000000	-0.001090	0.058485	-0.010231
3120.000000	-0.035422	0.047486	-0.091538
3130.000000	0.078621	-0.062045	0.099512
3140.000000	-0.045072	0.030310	-0.000206
3150.000000	0.027914	-0.019247	-0.000650
3160.000000	-0.022206	-0.101750	-0.031886
3170.000000	-0.051818	0.001584	-0.001124
3180.000000	-0.049821	0.037893	-0.031127
3190.000000	-0.005716	0.023751	-0.056791
3200.000000	0.044707	-0.084370	0.016248
3210.000000	0.040671	0.179666	0.151512
3220.000000	-0.037020	-0.072467	-0.025268
3230.000000	0.086684	-0.004414	0.117067
3240.000000	-0.092200	-0.035088	-0.080306
3250.000000	0.023906	-0.010891	-0.049073
3260.000000	0.047144	-0.037419	0.027047
3270.000000	-0.067889	0.116782	-0.073424
3280.000000	-0.005161	0.067333	0.051209
3290.000000	0.050348	0.014338	0.145947
3300.000000	-0.156687	0.138770	0.017246
3310.000000	0.035525	0.040543	0.013536
3320.000000	0.132259	-0.003997	0.047909
3330.000000	-0.107829	-0.024128	-0.117723
3340.000000	-0.113412	0.015349	-0.073041
3350.000000	0.033495	0.096281	0.115151
3360.000000	0.040237	-0.018176	0.032725
3370.000000	-0.020970	-0.183226	-0.141289
3380.000000	0.064865	-0.001191	0.064635
3390.000000	-0.101190	0.046315	0.024063
3400.000000	-0.101886	0.014455	-0.021627
3410.000000	0.067698	-0.116730	0.130120
3420.000000	-0.055615	-0.026079	-0.042535
3430.000000	0.008741	0.081932	0.044052
3440.000000	0.026626	-0.055522	-0.018103
3450.000000	-0.125909	-0.018315	-0.070029
3460.000000	-0.022614	0.103136	-0.056311
3470.000000	-0.006998	0.084242	0.050867
3480.000000	0.008468	0.037417	-0.045207
3490.000000	-0.007329	0.024208	-0.029446
3500.000000	0.096551	-0.024098	0.078183
3510.000000	-0.035114	0.019141	0.027512
3520.000000	-0.002017	0.001360	0.025460
3530.000000	-0.002785	-0.064848	-0.022140
3540.000000	-0.062200	-0.031641	0.090365
3550.000000	-0.087776	-0.019791	0.030026
3560.000000	-0.095604	0.057948	-0.087461
3570.000000	0.021819	-0.082862	0.000394
3580.000000	0.044477	0.167451	0.110664
3590.000000	0.040522	0.191235	0.025886
3600.000000	0.138395	-0.062847	0.021686
3610.000000	-0.030249	0.018308	0.023944
3620.000000	-0.022623	0.039386	0.040072
3630.000000	0.015818	0.015710	-0.001901
3640.000000	-0.138810	-0.068707	-0.108300
3650.000000	0.001830	-0.004819	-0.067026
3660.000000	0.121747	-0.018407	0.013105
3670.000000	-0.147235	-0.117707	-0.115278
3680.000000	-0.011907	-0.155918	-0.023021
3690.000000	0.077488	-0.025111	0.048446
3700.000000	0.019234	-0.078588	0.009439
3710.000000	-0.117928	0.011645	-0.094868
3720.000000	-0.133312	0.157562	-0.090595
3730.000000	-0.077282	-0.001449	-0.044140
3740.000000	-0.007876	-0.023131	0.006498
3750.000000	-0.020747	0.199503	0.105357
3760.000000	0.170633	0.031747	0.162857
3770.000000	0.016638	0.081013	0.043004
3780.000000	-0.142227	-0.020473	-0.212793
3790.000000	-0.121270	-0.006702	-0.128813
3800.000000	-0.026530	0.066073	0.066219
3810.000000	0.019039	-0.135450	-0.098273
3820.000000	0.025338	-0.152052	0.022856
3830.000000	-0.048340	0.055359	-0.021060
3840.000000	-0.030944	0.031633	0.017635
3850.000000	-0.014777	-0.104301	-0.024397
3860.000000	-0.117229	-0.073192	-0.052753
3870.000000	0.010629	0.191398	0.006726
3880.000000	-0.014302	0.081624	0.035242
3890.000000	0.013282	0.074126	0.036007
3900.000000	-0.003981	0.098255	0.031460
3910.000000	-0.008652	0.084472	0.024146
3920.000000	-0.157744	-0.044397	-0.117921
3930.000000	-0.117478	0.007027	-0.065285
3940.000000	-0.069741	-0.098037	-0.025521
3950.000000	-0.093874	-0.022316	-0.161498
3960.000000	0.202501	0.011614	0.156149
3970.000000	0.016836	-0.028304	-0.030769
3980.000000	-0.171260	-0.041231	-0.098123
3990.000000	0.071804	-0.059246	0.059331
4000.000000	-0.077076	0.125133	-0.067753
4010.000000	-0.195670	-0.006840	-0.130464
4020.000000	-0.060933	-0.080427	-0.101305
4030.000000	-0.174625	-0.044261	-0.177985
4040.000000	0.011171	0.008164	0.016838
4050.000000	0.088318	-0.103922	0.024812
4060.000000	-0.056633	-0.009417	-0.067786
4070.000000	-0.003840	-0.182699	-0.052135
4080.000000	0.171218	0.135942	0.133572
4090.000000	0.073241	-0.045204	-0.001811
4100.000000	0.107582	0.039253	0.054210
4110.000000	-0.011663	0.135469	0.137294
4120.000000	-0.093830	0.129058	-0.075411
4130.000000	-0.204587	-0.056165	-0.167173
4140.000000	-0.125577	0.030597	-0.099851
4150.000000	0.085464	0.216045	0.155355
4160.000000	-0.123561	0.038665	-0.031269
4170.000000	-0.025932	0.084835	0.017593
4180.000000	0.103374	-0.147748	0.013678
4190.000000	-0.047563	0.217415	0.114588
4200.000000	-0.062047	-0.140146	-0.085707
4210.000000	0.017610	-0.103310	0.061167
4220.000000	-0.133643	-0.013653	0.049336
4230.000000	-0.183411	-0.022111	-0.252840
4240.000000	0.203250	0.018178	0.123229
4250.000000	0.076666	0.092039	0.185303
4260.000000	-0.040303	-0.065475	-0.119288
4270.000000	0.067273	0.070574	-0.033126
4280.000000	-0.089702	-0.062728	-0.088111
4290.000000	-0.003441	0.195527	0.014605
4300.000000	0.386023	0.131459	0.289570
4310.000000	-0.178589	-0.072945	-0.323766
4320.000000	-0.033302	0.129848	0.032738
4330.000000	-0.008527	0.047613	-0.044833
4340.000000	-0.157374	-0.016668	-0.124770
4350.000000	-0.159045	-0.351042	-0.195569
4360.000000	-0.076221	-0.048482	0.020960
4370.000000	-0.111455	-0.174413	-0.061040
4380.000000	0.109053	-0.075829	-0.016801
4390.000000	0.105400	-0.209153	0.054622
4400.000000	-0.061830	0.003324	0.042459
4410.000000	0.040013	-0.040974	0.115256
4420.000000	-0.290417	0.016035	-0.291970
4430.000000	0.050505	0.214402	0.270093
4440.000000	0.175707	0.231258	0.272988
4450.000000	-0.113690	-0.100995	-0.095082
4460.000000	-0.090186	0.021253	-0.160487
4470.000000	0.168684	0.330295	0.143266
4480.000000	-0.105697	-0.007775	-0.160702
4490.000000	0.097110	-0.057554	-0.023441
4500.000000	-0.006721	-0.045158	-0.055944
4510.000000	-0.156376	0.201969	-0.142768
4520.000000	0.120636	-0.115066	-0.099373
4530.000000	0.146642	-0.088823	0.034795
4540.000000	-0.004950	0.008350	0.082482
4550.000000	0.177215	0.151639	0.180179
4560.000000	0.138973	-0.120172	0.135212
4570.000000	-0.176752	0.018311	-0.147392
4580.000000	0.139969	-0.146688	0.143605
4590.000000	-0.137097	-0.038189	-0.054480
4600.000000	-0.521873	-0.122544	-0.449218
4610.000000	-0.316561	0.216350	-0.048350
4620.000000	-0.288280	-0.076784	-0.174794
4630.000000	-0.159091	-0.052005	-0.253989
4640.000000	0.188892	-0.126115	0.120635
4650.000000	-0.225049	0.069515	-0.087117
4660.000000	-0.039045	0.132253	0.037516
4670.000000	0.354322	-0.182303	0.046345
4680.000000	-0.181797	-0.092330	-0.501885
4690.000000	0.285684	0.187281	0.183182
4700.000000	0.154801	-0.095280	-0.111267
4710.000000	0.065459	-0.044942	-0.170709
4720.000000	0.358064	0.072957	0.208029
4730.000000	0.122601	-0.009601	0.106763
4740.000000	-0.071867	0.064921	0.007016
4750.000000	0.325413	-0.327982	0.155645
4760.000000	-0.033325	0.266495	0.263913
4770.000000	-0.114642	-0.325808	0.008802
4780.000000	0.176278	-0.198618	0.187820
4790.000000	-0.012520	-0.003120	0.053746
4800.000000	-0.606178	0.182892	-0.331950
4810.000000	-0.343180	-0.305652	-0.278814
4820.000000	-0.126243	-0.325172	-0.167009
4830.000000	-0.388677	0.315469	-0.316513
4840.000000	-0.027623	0.399214	-0.036322
4850.000000	-0.249760	0.199536	-0.083780
4860.000000	-0.230023	0.034567	-0.271008
4870.000000	0.692723	0.365194	0.442186
4880.000000	0.277341	0.087544	0.099970
4890.000000	-0.018079	-0.199809	0.182859
4900.000000	0.491297	-0.057492	0.147463
4910.000000	0.368882	0.107054	-0.299188
4920.000000	0.133527	-0.447421	-0.460297
4930.000000	-0.137049	-0.227422	-0.012251
4940.000000	-0.368347	-0.570716	-0.440786
4950.000000	0.328540	0.299892	0.557492
4960.000000	0.715131	-0.428820	0.098066
4970.000000	0.573835	-0.402554	0.592385
4980.000000	-0.296873	-0.450335	0.073834
4990.000000	-0.362958	-0.203556	0.101914
