# H-bond lifetime (ps)
1.831806315353649461e+00
3.337195324260739504e+00
2.327040024135767382e+00
7.071735553612744640e-01
2.271952482954394448e+00
4.851378165827585853e+00
3.728461704230832563e+00
6.498472144057394928e+00
1.431142105417990695e+00
9.127698737360856462e-01
2.538829478759914160e+00
8.416899977277796374e-01
4.897139194033178988e+00
6.560185148770374397e+00
1.526536174634448018e-01
8.738082616164390970e+00
1.691517963942483105e+00
4.735470213820492935e-01
5.119110170972395180e-01
7.125301421912020317e-01
2.359535159621083178e+00
6.960931616463092553e+00
2.371394689187252602e+00
3.614274897549899279e+00
1.061655362495910887e-01
4.831730966686180295e+00
1.093356933375796425e+00
3.073548806812079093e+00
1.236888188785511655e+00
