Time (ps)	Potential	Kinetic	Total
0.000000	1.000000	1.000000	1.000000
10.000000	-0.042891	-0.073487	-0.021548
20.000000	-0.026819	-0.050293	0.009333
30.000000	0.047625	-0.042395	0.035933
40.000000	0.013435	0.036666	0.023679
50.000000	0.074623	-0.111513	-0.006399
60.000000	-0.021895	-0.000526	-0.020149
70.000000	0.014896	-0.017939	0.027412
80.000000	-0.032233	0.022225	-0.063154
90.000000	-0.050273	0.061153	-0.018002
100.000000	0.015708	-0.035034	0.006163
110.000000	-0.016954	0.012733	0.035808
120.000000	-0.049134	0.007333	-0.069905
130.000000	-0.019276	-0.033907	-0.033433
140.000000	-0.076942	-0.094272	-0.074492
150.000000	0.079457	0.062675	0.034429
160.000000	-0.063087	0.013841	-0.052820
170.000000	0.024863	-0.041657	0.049018
180.000000	0.062813	0.030568	0.055620
190.000000	-0.059932	-0.007427	-0.008168
200.000000	0.008269	-0.007705	0.001780
210.000000	-0.016295	0.000217	-0.019773
220.000000	0.017342	-0.088803	0.028380
230.000000	-0.031445	0.014451	-0.051090
240.000000	-0.005751	0.052199	0.015244
250.000000	0.003101	-0.021505	-0.010991
260.000000	-0.105476	-0.048656	-0.101484
270.000000	0.016387	0.057446	0.040153
280.000000	0.043980	0.062807	0.048287
290.000000	-0.047023	0.042592	-0.018087
300.000000	-0.033541	-0.080662	-0.000748
310.000000	-0.073264	-0.006429	-0.093184
320.000000	0.075394	-0.077924	-0.013474
330.000000	-0.006905	0.059655	-0.032191
340.000000	0.006374	-0.042128	0.021602
350.000000	0.041756	-0.044277	0.001871
360.000000	0.004463	0.010279	0.025939
370.000000	-0.003999	0.096771	0.041143
380.000000	0.126654	-0.115300	0.040519
390.000000	-0.002803	0.064903	0.029713
400.000000	-0.001880	0.081406	0.066532
410.000000	-0.034081	-0.037001	-0.028772
420.000000	-0.008761	-0.050486	-0.048423
430.000000	0.103155	0.021005	0.076029
440.000000	0.013347	0.018474	-0.039633
450.000000	-0.006331	-0.003967	-0.012373
460.000000	-0.067850	0.007448	-0.059429
470.000000	-0.052989	-0.025772	-0.045143
480.000000	0.004881	0.072516	0.009527
490.000000	0.010778	0.049290	-0.004544
500.000000	0.009399	-0.134308	-0.023423
510.000000	-0.040116	-0.033199	-0.045213
520.000000	-0.042994	0.083139	-0.036565
530.000000	0.031540	-0.009229	0.007488
540.000000	-0.034527	0.044979	0.015523
550.000000	-0.067422	-0.042282	-0.019255
560.000000	0.025016	0.065176	0.028070
570.000000	0.003646	-0.006196	0.055395
580.000000	0.040518	0.056996	0.036225
590.000000	0.000456	-0.150642	-0.012418
600.000000	0.049189	0.069181	0.020392
610.000000	0.061204	0.008809	0.045515
620.000000	0.004405	-0.003766	0.028715
630.000000	-0.014580	-0.082198	-0.048973
640.000000	-0.021052	0.143752	-0.029517
650.000000	-0.009701	-0.027481	-0.041159
660.000000	0.082413	-0.050305	0.027689
670.000000	0.004286	-0.005980	0.019408
680.000000	-0.004044	0.044622	-0.068027
690.000000	-0.063000	-0.048666	-0.052456
700.000000	-0.039575	0.006716	-0.006879
710.000000	-0.006288	-0.061392	0.012515
720.000000	-0.006896	0.014985	-0.014808
730.000000	0.015769	-0.046091	0.035543
740.000000	-0.082631	0.030282	-0.029032
750.000000	0.004431	0.002295	0.042167
760.000000	0.044751	0.092053	0.035179
770.000000	-0.008298	0.043502	0.010264
780.000000	0.029634	-0.090057	0.014198
790.000000	-0.019116	-0.032081	-0.037770
800.000000	0.002927	0.045692	-0.016620
810.000000	0.024985	0.018753	-0.023214
820.000000	-0.061957	-0.034655	-0.016824
830.000000	0.056656	-0.075113	0.023042
840.000000	0.019124	0.051550	-0.030306
850.000000	-0.072628	-0.005907	-0.058959
860.000000	-0.017890	0.016317	0.033258
870.000000	-0.047275	-0.069910	-0.091076
880.000000	0.050000	0.084819	0.067218
890.000000	0.080886	0.085707	0.109147
900.000000	-0.058140	-0.075226	-0.027143
910.000000	0.041469	0.038307	0.048250
920.000000	-0.003211	-0.068721	-0.049325
930.000000	0.020804	0.059038	-0.015257
940.000000	-0.004077	-0.096926	-0.008190
950.000000	0.035720	0.008450	0.070779
960.000000	0.032351	-0.077940	-0.021905
970.000000	0.016643	0.090911	0.070888
980.000000	-0.013495	-0.078140	0.002264
990.000000	-0.008647	-0.016933	-0.007941
1000.000000	0.042117	-0.016647	0.033460
1010.000000	-0.017743	0.099932	0.013569
1020.000000	-0.079848	0.033160	-0.042744
1030.000000	-0.012764	-0.008669	-0.066527
1040.000000	0.000206	0.014331	-0.014928
1050.000000	-0.100276	0.015885	-0.054512
1060.000000	0.038138	-0.107035	0.066963
1070.000000	-0.055792	0.009543	0.014068
1080.000000	0.018623	0.005762	-0.007428
1090.000000	0.004970	0.021266	-0.062113
1100.000000	0.064594	-0.055224	0.048486
1110.000000	0.034566	-0.054618	-0.005815
1120.000000	-0.064598	0.006810	-0.047306
1130.000000	0.025228	0.029604	0.075101
1140.000000	-0.015438	0.036436	0.004908
1150.000000	0.047899	-0.050601	0.044525
1160.000000	0.112435	0.070038	0.089723
1170.000000	-0.071729	0.010777	0.016288
1180.000000	-0.038602	-0.031338	-0.063013
1190.000000	0.024941	-0.089018	-0.006296
1200.000000	-0.020798	0.028128	-0.025123
1210.000000	0.036327	-0.032197	-0.036516
1220.000000	0.016168	-0.009119	-0.019482
1230.000000	0.014117	-0.029744	0.060539
1240.000000	0.030770	0.001880	0.030524
1250.000000	0.025305	0.038821	0.016855
1260.000000	0.029366	0.052087	-0.011562
1270.000000	0.025865	-0.032189	0.036243
1280.000000	0.027845	0.120735	0.006425
1290.000000	-0.056740	0.017055	-0.066569
1300.000000	0.002154	0.017642	-0.014552
1310.000000	0.026347	-0.043066	0.074176
1320.000000	-0.018784	0.142301	0.078478
1330.000000	0.038668	-0.025411	0.002536
1340.000000	0.000283	-0.025030	0.031381
1350.000000	0.028808	-0.011854	0.044314
1360.000000	-0.013237	0.072894	-0.015132
1370.000000	-0.064674	0.039185	-0.030155
1380.000000	-0.035938	0.010088	0.001540
1390.000000	-0.072657	-0.107218	-0.094046
1400.000000	-0.032737	-0.104913	-0.121270
1410.000000	-0.013861	0.048701	-0.002012
1420.000000	0.038783	0.037437	0.055807
1430.000000	0.026776	-0.028105	0.050163
1440.000000	0.036158	0.022259	0.034716
1450.000000	-0.071760	0.152431	-0.003152
1460.000000	-0.020345	-0.005899	0.029217
1470.000000	0.000403	-0.032415	0.022588
1480.000000	0.064289	-0.053018	-0.009332
1490.000000	0.042446	-0.005790	0.057611
1500.000000	-0.081650	-0.063997	-0.010635
1510.000000	0.012062	0.001286	0.000452
1520.000000	0.027858	-0.063644	0.040545
1530.000000	0.006182	0.135335	0.022571
1540.000000	-0.001165	0.008665	0.013669
1550.000000	-0.000796	-0.011416	0.017027
1560.000000	0.020123	0.057174	0.039171
1570.000000	-0.038002	0.018469	-0.062950
1580.000000	0.008975	-0.122768	-0.011807
1590.000000	0.002501	0.006282	-0.007438
1600.000000	-0.000294	0.014733	0.001334
1610.000000	-0.028249	-0.007396	-0.037838
1620.000000	-0.019191	-0.008955	-0.044915
1630.000000	0.006732	0.033551	-0.011568
1640.000000	0.086724	-0.111959	0.014279
1650.000000	-0.086494	0.145785	0.010650
1660.000000	-0.098776	-0.019424	-0.057168
1670.000000	0.083620	-0.016898	-0.014440
1680.000000	-0.078271	-0.034894	-0.109137
1690.000000	0.008520	-0.026074	-0.034856
1700.000000	-0.051695	-0.072176	-0.023935
1710.000000	0.012178	-0.041866	0.009742
1720.000000	0.040706	0.139607	0.089586
1730.000000	0.013710	-0.060256	-0.011828
1740.000000	0.018110	0.059439	0.071188
1750.000000	-0.055184	-0.024043	-0.035186
1760.000000	0.044754	-0.004299	0.043215
1770.000000	0.015658	0.130655	0.066110
1780.000000	-0.047480	-0.061804	-0.050101
1790.000000	0.051967	-0.055492	-0.026892
1800.000000	0.018597	-0.036180	0.039917
1810.000000	-0.013641	0.098328	0.050553
1820.000000	0.093344	-0.098778	0.013544
1830.000000	-0.084973	0.004748	-0.016910
1840.000000	0.074490	0.001660	0.111347
1850.000000	-0.006810	-0.012021	-0.002964
1860.000000	0.074749	-0.017473	0.071230
1870.000000	0.054638	-0.035814	0.019882
1880.000000	-0.034367	0.014831	-0.094497
1890.000000	0.083974	-0.005540	0.106757
1900.000000	-0.020733	0.168365	0.003294
1910.000000	-0.005139	-0.057211	-0.021649
1920.000000	0.056896	0.003781	0.029534
1930.000000	-0.045365	-0.024676	-0.040786
1940.000000	-0.032448	0.006162	-0.027850
1950.000000	-0.069684	-0.077469	-0.078818
1960.000000	0.022683	0.061747	-0.004507
1970.000000	-0.008464	-0.099159	-0.062586
1980.000000	-0.107399	-0.030300	-0.125515
1990.000000	0.090836	0.079033	0.141494
2000.000000	-0.030266	-0.062125	-0.054627
2010.000000	0.035974	-0.001224	0.031885
2020.000000	-0.010102	0.063321	-0.016872
2030.000000	0.020948	0.005175	0.008479
2040.000000	0.039275	-0.055454	0.065345
2050.000000	-0.025207	0.116173	-0.055144
2060.000000	0.013457	-0.019490	0.002287
2070.000000	-0.002987	-0.055946	-0.012957
2080.000000	0.027819	-0.008217	0.045479
2090.000000	-0.051569	0.065791	-0.052082
2100.000000	0.051148	-0.101191	-0.004651
2110.000000	-0.001555	0.002590	-0.048062
2120.000000	-0.031640	-0.080379	-0.067652
2130.000000	-0.041803	0.091635	0.051646
2140.000000	0.011401	0.068504	0.032611
2150.000000	-0.154689	-0.147911	-0.136106
2160.000000	-0.027422	-0.028680	-0.025366
2170.000000	0.008985	0.128629	-0.040472
2180.000000	-0.052607	-0.032345	-0.032487
2190.000000	0.019474	-0.042653	0.041921
2200.000000	-0.021492	0.079033	0.048901
2210.000000	0.006593	0.045146	0.029907
2220.000000	-0.004073	-0.103279	0.035508
2230.000000	0.056195	0.043499	0.034691
2240.000000	0.005411	-0.066526	-0.056832
2250.000000	0.021217	0.073316	-0.056021
2260.000000	-0.098516	-0.046106	-0.055148
2270.000000	0.002624	-0.007645	0.040998
2280.000000	-0.063755	-0.079121	-0.117168
2290.000000	-0.061540	0.057725	0.033100
2300.000000	-0.027518	0.050078	0.006006
2310.000000	0.049179	-0.010981	0.026949
2320.000000	-0.048273	-0.025656	0.004044
2330.000000	-0.078094	-0.012566	-0.022188
2340.000000	-0.070440	-0.008569	-0.045666
2350.000000	0.046925	-0.034820	-0.067209
2360.000000	-0.014048	0.021834	-0.000666
2370.000000	-0.012162	-0.019480	0.035665
2380.000000	0.042016	-0.102961	0.047808
2390.000000	0.034703	-0.034378	0.079501
2400.000000	0.060552	-0.011703	-0.006880
2410.000000	0.041018	0.073748	0.033628
2420.000000	-0.040354	-0.005752	-0.039072
2430.000000	0.049062	-0.001314	0.105533
2440.000000	0.132842	-0.061015	0.041373
2450.000000	-0.034507	-0.030305	-0.040530
2460.000000	0.038643	0.023863	-0.007908
2470.000000	0.039410	0.002497	0.114889
2480.000000	0.021707	-0.012763	-0.014277
2490.000000	-0.066494	-0.039480	-0.071594
2500.000000	-0.005604	-0.104401	-0.048058
2510.000000	-0.039044	0.054399	-0.124455
2520.000000	-0.080875	-0.070726	-0.124993
2530.000000	-0.124114	-0.024819	-0.114704
2540.000000	-0.012790	0.055510	-0.012514
2550.000000	-0.025405	-0.052828	-0.094406
2560.000000	0.021157	0.069952	0.002137
2570.000000	-0.066804	0.037606	-0.049457
2580.000000	-0.015609	0.028747	0.040306
2590.000000	0.047860	0.042607	0.038785
2600.000000	-0.074383	0.052313	-0.023460
2610.000000	0.110253	-0.033685	0.135880
2620.000000	-0.031284	0.021163	-0.007570
2630.000000	-0.050978	0.118871	-0.055813
2640.000000	-0.008647	-0.083270	-0.040935
2650.000000	-0.014036	0.049373	0.115118
2660.000000	0.013640	0.055024	0.045154
2670.000000	-0.015591	-0.002414	-0.042229
2680.000000	0.014406	-0.099131	-0.017971
2690.000000	0.014468	0.142098	0.016360
2700.000000	-0.043040	0.050752	0.014480
2710.000000	-0.045302	-0.101910	-0.034623
2720.000000	0.003553	-0.049820	0.024808
2730.000000	-0.055681	0.023876	-0.044719
2740.000000	-0.079874	0.086618	-0.021107
2750.000000	0.013824	-0.087004	0.059676
2760.000000	-0.040501	-0.057367	0.010404
2770.000000	0.036953	0.028532	0.037972
2780.000000	-0.007952	0.046032	0.007479
2790.000000	0.126118	-0.028749	0.112925
2800.000000	-0.030773	0.007924	0.045468
2810.000000	-0.049518	0.031386	0.046635
2820.000000	0.028285	-0.005580	-0.023375
2830.000000	0.083108	0.000893	0.024921
2840.000000	0.035003	-0.069132	-0.032919
2850.000000	-0.010954	0.021823	-0.045955
2860.000000	0.005352	-0.142972	0.044323
2870.000000	-0.043033	-0.024981	-0.051297
2880.000000	0.072268	0.095672	0.037205
2890.000000	0.003168	0.062897	-0.032449
2900.000000	0.009769	0.061763	0.048771
2910.000000	-0.064009	0.029516	-0.039119
2920.000000	-0.066002	0.052693	-0.113084
2930.000000	-0.006707	0.062208	0.001297
2940.000000	-0.105183	-0.053730	-0.034082
2950.000000	-0.034998	-0.065989	-0.090469
2960.000000	0.063689	-0.146043	0.091544
2970.000000	0.106000	0.061687	0.142151
2980.000000	-0.110568	0.045449	-0.100937
2990.000000	0.042603	-0.058247	0.071090
3000.000000	0.033340	-0.002000	-0.008985
3010.000000	-0.035132	0.006734	-0.078809
3020.000000	0.018652	0.000653	0.015115
3030.000000	0.004155	-0.048033	-0.005759
3040.000000	0.063339	-0.059793	0.035269
3050.000000	-0.034061	-0.026712	-0.071442
3060.000000	-0.026900	0.000955	-0.040908
3070.000000	0.044994	0.005310	-0.014175
3080.000000	-0.048325	0.046050	0.002931
3090.000000	-0.050202	-0.014723	0.048798
3100.000000	0.025864	0.056202	0.002950
3110.000000	-0.043840	-0.047216	-0.123474
3120.000000	-0.048888	-0.049852	-0.110519
3130.000000	-0.149455	-0.008713	-0.109151
3140.000000	0.137354	-0.152152	0.051622
3150.000000	-0.014545	0.005832	-0.025894
3160.000000	-0.037729	0.089489	-0.066331
3170.000000	-0.072675	0.134554	0.036953
3180.000000	-0.055753	0.002442	-0.038050
3190.000000	0.135310	-0.003777	0.145560
3200.000000	0.083322	0.042327	0.099729
3210.000000	-0.051495	0.070026	-0.032588
3220.000000	-0.031750	-0.067126	-0.075872
3230.000000	-0.039206	-0.080151	-0.034643
3240.000000	0.026284	-0.198573	-0.154527
3250.000000	-0.096504	0.039375	-0.144299
3260.000000	-0.080429	0.062091	0.004520
3270.000000	0.156752	0.052455	0.113697
3280.000000	-0.024885	0.065765	0.014085
3290.000000	0.001498	-0.065735	-0.004334
3300.000000	-0.120315	0.026259	-0.056855
3310.000000	0.014324	0.035935	0.034966
3320.000000	0.039728	0.023268	0.010739
3330.000000	-0.046541	0.026645	-0.055036
3340.000000	0.125288	0.080657	0.162412
3350.000000	-0.074716	-0.005068	-0.109216
3360.000000	0.030054	0.101968	0.147190
3370.000000	-0.058916	0.050392	0.021582
3380.000000	0.092010	-0.163113	0.035573
3390.000000	0.080063	-0.085065	-0.011484
3400.000000	-0.209179	-0.003491	-0.163097
3410.000000	-0.031355	-0.013791	-0.025240
3420.000000	-0.033517	-0.040812	0.017310
3430.000000	-0.091535	0.081452	-0.059547
3440.000000	0.061468	0.101681	0.028322
3450.000000	0.111968	0.034206	0.132654
3460.000000	0.038684	-0.000638	0.025700
3470.000000	0.033806	-0.090721	0.073832
3480.000000	-0.055567	-0.135373	-0.095560
3490.000000	0.013183	0.089864	-0.022415
3500.000000	0.059032	-0.053514	-0.024639
3510.000000	-0.024538	-0.053446	-0.014926
3520.000000	-0.068479	-0.163263	-0.135876
3530.000000	0.016902	0.018248	-0.000663
3540.000000	0.135112	0.125393	0.223829
3550.000000	-0.105476	0.020447	-0.058667
3560.000000	0.104629	0.101455	0.136222
3570.000000	0.000847	-0.103590	-0.035014
3580.000000	0.055083	-0.025936	0.035813
3590.000000	-0.034868	-0.037985	-0.094828
3600.000000	0.036958	0.004675	0.091492
3610.000000	-0.022553	-0.124053	-0.040448
3620.000000	-0.020065	0.138397	0.066448
3630.000000	0.163327	-0.125893	0.050358
3640.000000	-0.038020	0.104660	0.056403
3650.000000	-0.024888	-0.025213	-0.037065
3660.000000	0.208359	-0.089498	0.182755
3670.000000	-0.076006	0.008184	-0.125008
3680.000000	0.003476	0.045635	0.005648
3690.000000	0.030784	-0.021315	-0.006555
3700.000000	0.004325	0.002632	0.006426
3710.000000	0.129860	0.143794	0.159452
3720.000000	0.079216	-0.040874	-0.025686
3730.000000	-0.113571	0.072862	-0.076904
3740.000000	0.013372	-0.096235	-0.010218
3750.000000	-0.079167	-0.163919	-0.012008
3760.000000	0.051757	-0.054115	-0.133123
3770.000000	0.044849	-0.025078	-0.098731
3780.000000	-0.088469	-0.048290	-0.060266
3790.000000	-0.059305	0.086833	0.040434
3800.000000	0.036347	-0.043454	-0.061228
3810.000000	0.148530	-0.035664	0.095529
3820.000000	-0.139266	0.092230	0.003111
3830.000000	-0.055125	-0.041128	0.006118
3840.000000	-0.051537	-0.032651	-0.153969
3850.000000	0.031059	0.033729	0.118232
3860.000000	-0.056003	-0.083479	-0.149505
3870.000000	-0.053705	-0.103605	-0.194932
3880.000000	0.214409	0.038496	0.191203
3890.000000	-0.066121	0.004612	-0.074399
3900.000000	-0.035050	0.094956	0.171586
3910.000000	-0.051157	0.014435	-0.127307
3920.000000	0.184455	0.096324	0.120589
3930.000000	-0.132345	0.079037	0.017241
3940.000000	-0.048937	-0.015321	0.005863
3950.000000	0.056910	-0.034762	0.008574
3960.000000	-0.046232	0.005290	0.004797
3970.000000	-0.153715	0.133858	-0.034197
3980.000000	0.152875	-0.150176	0.085245
3990.000000	0.076383	-0.009059	-0.049470
4000.000000	-0.108981	-0.080049	-0.155584
4010.000000	-0.091144	0.047987	-0.094988
4020.000000	-0.098701	0.046901	-0.111841
4030.000000	0.166815	-0.028086	0.215435
4040.000000	-0.026656	-0.093227	-0.209718
4050.000000	-0.153157	-0.022479	-0.099445
4060.000000	-0.068072	-0.203486	-0.037007
4070.000000	0.115966	0.012606	0.107767
4080.000000	-0.066687	0.158057	0.003687
4090.000000	-0.022432	-0.053705	-0.050433
4100.000000	0.128686	0.020938	0.108148
4110.000000	-0.039900	0.066642	-0.023562
4120.000000	0.021251	-0.009525	-0.028421
4130.000000	0.135330	-0.117272	0.016274
4140.000000	-0.022380	-0.073752	0.021007
4150.000000	-0.130291	-0.012909	-0.242870
4160.000000	-0.079764	0.147821	-0.028568
4170.000000	-0.002231	0.008800	0.072987
4180.000000	-0.084273	0.185895	-0.015739
4190.000000	-0.085269	0.115088	-0.040343
4200.000000	0.084194	0.017249	0.106318
4210.000000	-0.185780	-0.080139	-0.081016
4220.000000	0.049552	0.044165	0.150424
4230.000000	0.065654	0.020042	-0.115198
4240.000000	-0.051671	0.015620	0.011456
4250.000000	-0.032988	0.070948	-0.013010
4260.000000	-0.105730	0.043456	-0.068665
4270.000000	0.105383	-0.135733	-0.006462
4280.000000	0.201626	-0.156083	0.123615
4290.000000	-0.260304	-0.098739	-0.270280
4300.000000	0.079311	0.105913	-0.090197
4310.000000	-0.067478	-0.126949	-0.038332
4320.000000	-0.015334	-0.159363	0.031196
4330.000000	0.039840	0.170047	0.048944
4340.000000	-0.307209	0.113238	-0.256104
4350.000000	0.135066	0.034239	0.218443
4360.000000	0.004741	0.147106	-0.022874
4370.000000	-0.048850	0.044193	-0.001324
4380.000000	0.028705	-0.136402	-0.143264
4390.000000	0.027349	-0.214449	0.027470
4400.000000	-0.167701	-0.060373	-0.136595
4410.000000	0.159764	-0.086146	-0.023460
4420.000000	0.118418	0.206525	0.248739
4430.000000	-0.131619	-0.036955	-0.022022
4440.000000	-0.190061	0.203049	-0.086667
4450.000000	0.155413	0.083196	0.055031
4460.000000	0.055892	0.037495	0.133210
4470.000000	-0.237970	0.105453	-0.174967
4480.000000	0.181231	0.064031	0.107480
4490.000000	-0.220635	0.032082	-0.192980
4500.000000	0.070038	-0.040718	0.188296
4510.000000	0.214016	-0.042302	0.180237
4520.000000	0.055623	-0.038430	-0.083228
4530.000000	-0.056285	0.129652	0.025451
4540.000000	0.228177	0.040568	0.234426
4550.000000	0.014626	-0.025214	0.024367
4560.000000	-0.223115	0.010281	-0.311352
4570.000000	0.260428	0.140849	0.165273
4580.000000	-0.276677	-0.031668	-0.234709
4590.000000	-0.203715	-0.066418	-0.064308
4600.000000	0.446497	-0.127406	0.270926
4610.000000	0.048345	0.105690	0.198350
4620.000000	-0.146475	-0.044549	0.016674
4630.000000	0.200333	-0.132078	0.238500
4640.000000	-0.092701	0.212869	0.120261
4650.000000	0.135610	0.128950	0.037111
4660.000000	0.163571	-0.105917	-0.002774
4670.000000	0.010628	-0.305661	-0.240380
4680.000000	-0.009134	0.130797	0.055530
4690.000000	0.232396	-0.009152	0.116998
4700.000000	0.193432	-0.037262	0.321142
4710.000000	-0.135222	0.205679	0.063650
4720.000000	0.137736	0.347789	0.182824
4730.000000	-0.114866	-0.051945	-0.187852
4740.000000	-0.268239	-0.348550	-0.169429
4750.000000	0.091697	-0.013805	-0.059984
4760.000000	0.025459	0.102667	-0.126912
4770.000000	-0.126520	-0.137311	-0.194273
4780.000000	0.380006	0.043618	0.387122
4790.000000	0.106322	0.313658	0.167567
4800.000000	0.299643	0.068701	0.057717
4810.000000	0.189455	-0.370797	0.077258
4820.000000	-0.494221	-0.257575	-0.238878
4830.000000	-0.004054	0.133032	-0.079518
4840.000000	0.042066	-0.034109	-0.235552
4850.000000	-0.033305	-0.118997	0.090329
4860.000000	-0.385727	0.177269	-0.117780
4870.000000	0.066886	0.168986	0.059426
4880.000000	0.419666	-0.059632	0.284353
4890.000000	0.219655	-0.303597	0.094914
4900.000000	-0.072310	0.168368	0.072459
4910.000000	-0.248522	0.079338	-0.535080
4920.000000	0.187046	0.149930	0.142616
4930.000000	-0.228334	-0.073767	-0.328700
4940.000000	-0.025846	0.211677	0.211348
4950.000000	-0.339173	0.006842	-0.472637
4960.000000	0.427797	-0.044255	0.371606
4970.000000	-0.302143	-0.091237	-0.246673
4980.000000	0.196427	0.172294	0.074904
4990.000000	-0.147606	0.139317	-0.290043
