# H-bond lifetime (ps)
1.651323112827544737e+00
8.599541329192745831e-01
2.899730231870684127e-01
7.775212609146677778e-01
4.216309086314319110e+00
2.072824296242636866e+00
4.204205142265950101e+00
5.850595262312396017e+00
6.611796971037106729e+00
4.285620778961527932e+00
7.986672453171477989e-03
2.680218084450470606e+00
5.209212439723015287e+00
6.977263060981234721e-01
4.995379808689206058e+00
1.096831452435653720e+00
3.437575310016556251e-01
3.496458537121627241e+00
3.806054553422326681e+00
9.276249544160153349e-01
2.063946965769802411e+00
5.058186097828177630e+00
1.479820863860352942e+00
2.302397859090511645e+00
2.111731470816421652e+00
3.739183808642848050e-01
3.031192104374995644e+00
1.985325001602903927e-01
3.502022648161187135e+00
