# r (Å)	g_HH(r)
5.000000000000000278e-02 3.554891672078032116e+03
1.500000000000000222e-01 0.000000000000000000e+00
2.500000000000000000e-01 0.000000000000000000e+00
3.500000000000000333e-01 0.000000000000000000e+00
4.500000000000000111e-01 0.000000000000000000e+00
5.500000000000000444e-01 0.000000000000000000e+00
6.500000000000001332e-01 0.000000000000000000e+00
7.500000000000000000e-01 0.000000000000000000e+00
8.500000000000000888e-01 0.000000000000000000e+00
9.499999999999999556e-01 0.000000000000000000e+00
1.050000000000000044e+00 0.000000000000000000e+00
1.150000000000000133e+00 0.000000000000000000e+00
1.250000000000000000e+00 0.000000000000000000e+00
1.350000000000000089e+00 4.937048940927860237e-03
1.450000000000000178e+00 1.900462741639085795e+00
1.550000000000000044e+00 3.188849633749089474e+00
1.650000000000000133e+00 8.497867602020205136e-02
1.750000000000000000e+00 7.551205776249611534e-02
1.850000000000000089e+00 2.150138730193409120e-01
1.950000000000000178e+00 4.575238581435520646e-01
2.049999999999999822e+00 7.831073361523697152e-01
2.150000000000000355e+00 1.023209883641658768e+00
2.250000000000000000e+00 1.235665835031103832e+00
2.350000000000000533e+00 1.299292015258809663e+00
2.450000000000000178e+00 1.218133103393200356e+00
2.549999999999999822e+00 1.116153730352277718e+00
2.650000000000000355e+00 9.346226863822361119e-01
2.750000000000000000e+00 7.979845562480069043e-01
2.850000000000000533e+00 7.001575741271686137e-01
2.950000000000000178e+00 7.170638119632432028e-01
3.049999999999999822e+00 7.168272574302096967e-01
3.150000000000000355e+00 8.054637638250681242e-01
3.250000000000000000e+00 8.735474592310994435e-01
3.350000000000000533e+00 9.537795860943293347e-01
3.450000000000000178e+00 1.038247669752481173e+00
3.549999999999999822e+00 1.102248116841149539e+00
3.650000000000000355e+00 1.155129433887225554e+00
3.750000000000000000e+00 1.160708239866094171e+00
3.850000000000000533e+00 1.168747022744971886e+00
3.950000000000000178e+00 1.122153131121740977e+00
4.050000000000000711e+00 1.083514070261051510e+00
4.150000000000000355e+00 1.064242434305329610e+00
4.250000000000000000e+00 1.034462777963977675e+00
4.349999999999999645e+00 1.039306158282807591e+00
4.450000000000000178e+00 1.036207045926794912e+00
4.550000000000000711e+00 1.022213191504885099e+00
4.650000000000000355e+00 1.013553897691691796e+00
4.750000000000000000e+00 1.018048737638405088e+00
4.850000000000000533e+00 1.009831869685047456e+00
4.950000000000000178e+00 9.969240081339671988e-01
5.050000000000000711e+00 9.835054435143292251e-01
5.150000000000000355e+00 9.802828540535863944e-01
5.250000000000000000e+00 9.644131484061586601e-01
5.350000000000000533e+00 9.733803942991490210e-01
5.450000000000000178e+00 9.539489070261158998e-01
5.550000000000000711e+00 9.742633832302706187e-01
5.650000000000000355e+00 9.748298487518244348e-01
5.750000000000000000e+00 9.703259219731258378e-01
5.850000000000000533e+00 9.934878062731223869e-01
5.950000000000000178e+00 9.816782301339873618e-01
6.050000000000000711e+00 9.998968107244355918e-01
6.150000000000000355e+00 9.872679268795963026e-01
6.250000000000000000e+00 9.950342365701382308e-01
6.350000000000000533e+00 1.000218381140554724e+00
6.450000000000000178e+00 9.838532617030940619e-01
6.550000000000000711e+00 1.009708213533712096e+00
6.650000000000000355e+00 9.844427232471737454e-01
6.750000000000000000e+00 9.993021924162373004e-01
6.850000000000000533e+00 1.009747584878197824e+00
6.950000000000000178e+00 9.984631203923383103e-01
7.050000000000000711e+00 1.004024459336953390e+00
7.150000000000000355e+00 1.002735902074461061e+00
7.250000000000000000e+00 1.010576614562048947e+00
7.350000000000000533e+00 1.021123108465870066e+00
7.450000000000000178e+00 1.005900815556525885e+00
7.550000000000000711e+00 1.013814881066408713e+00
7.650000000000000355e+00 1.008549171430311420e+00
7.750000000000000000e+00 1.006978003490043072e+00
7.850000000000000533e+00 1.007813751843277039e+00
7.950000000000000178e+00 1.003751304169415048e+00
8.050000000000000711e+00 1.007991746307869585e+00
8.150000000000000355e+00 1.000746403023543785e+00
8.250000000000000000e+00 1.009407998853254051e+00
8.350000000000001421e+00 9.957863097713532952e-01
8.449999999999999289e+00 9.941748800681657894e-01
8.550000000000000711e+00 1.001353083559276991e+00
8.650000000000000355e+00 9.957495865822842962e-01
8.750000000000000000e+00 9.931891762114769540e-01
8.850000000000001421e+00 9.852634148003210912e-01
8.949999999999999289e+00 1.003615969888336679e+00
9.050000000000000711e+00 9.936425551094166808e-01
9.150000000000000355e+00 9.900853730729090030e-01
9.250000000000000000e+00 9.991458467967597734e-01
9.350000000000001421e+00 9.941175515181773781e-01
9.449999999999999289e+00 9.972724371185520686e-01
9.550000000000000711e+00 9.976056638592273318e-01
9.650000000000002132e+00 9.953740250363120046e-01
9.750000000000000000e+00 1.003490592775389212e+00
9.850000000000001421e+00 1.004261926368955393e+00
9.949999999999999289e+00 9.986182919763268995e-01
