# Time(ps) Density(g/cm³) Box_X(nm) Box_Y(nm) Box_Z(nm)
0.000000000000000000e+00	1.002664402898743479e+00	5.474780273437500000e+01	5.474780273437500000e+01	5.474780273437500000e+01
1.000000000000000000e+01	1.006408225648142363e+00	5.467983245849609375e+01	5.467983245849609375e+01	5.467983245849609375e+01
2.000000000000000000e+01	1.005899081342162882e+00	5.468905639648437500e+01	5.468905639648437500e+01	5.468905639648437500e+01
3.000000000000000000e+01	1.003275222043669590e+00	5.473669052124023438e+01	5.473669052124023438e+01	5.473669052124023438e+01
4.000000000000000000e+01	1.013115836716294682e+00	5.455889129638671875e+01	5.455889129638671875e+01	5.455889129638671875e+01
5.000000000000000000e+01	1.005632409316370435e+00	5.469388961791992188e+01	5.469388961791992188e+01	5.469388961791992188e+01
6.000000000000000000e+01	1.010376195092894447e+00	5.460815811157226562e+01	5.460815811157226562e+01	5.460815811157226562e+01
7.000000000000000000e+01	1.008088995893343220e+00	5.464942550659179688e+01	5.464942550659179688e+01	5.464942550659179688e+01
8.000000000000000000e+01	1.003548583304965325e+00	5.473171997070312500e+01	5.473171997070312500e+01	5.473171997070312500e+01
9.000000000000000000e+01	9.998895751918720487e-01	5.479840087890625000e+01	5.479840087890625000e+01	5.479840087890625000e+01
1.000000000000000000e+02	1.008646636296776311e+00	5.463935470581054688e+01	5.463935470581054688e+01	5.463935470581054688e+01
1.100000000000000000e+02	1.001413850737750133e+00	5.477058410644531250e+01	5.477058410644531250e+01	5.477058410644531250e+01
1.200000000000000000e+02	9.955819857717530530e-01	5.487731933593750000e+01	5.487731933593750000e+01	5.487731933593750000e+01
1.300000000000000000e+02	1.004436911338916660e+00	5.471557998657226562e+01	5.471557998657226562e+01	5.471557998657226562e+01
1.400000000000000000e+02	1.001871372801502069e+00	5.476224517822265625e+01	5.476224517822265625e+01	5.476224517822265625e+01
1.500000000000000000e+02	1.002659629326983826e+00	5.474789047241210938e+01	5.474789047241210938e+01	5.474789047241210938e+01
1.600000000000000000e+02	1.000725307309321854e+00	5.478314208984375000e+01	5.478314208984375000e+01	5.478314208984375000e+01
1.700000000000000000e+02	1.008326171158925311e+00	5.464514160156250000e+01	5.464514160156250000e+01	5.464514160156250000e+01
1.800000000000000000e+02	9.967222378528454163e-01	5.485638427734375000e+01	5.485638427734375000e+01	5.485638427734375000e+01
1.900000000000000000e+02	1.006473732700858825e+00	5.467864608764648438e+01	5.467864608764648438e+01	5.467864608764648438e+01
2.000000000000000000e+02	1.002880120297987565e+00	5.474387741088867188e+01	5.474387741088867188e+01	5.474387741088867188e+01
2.100000000000000000e+02	1.002632802699195302e+00	5.474837875366210938e+01	5.474837875366210938e+01	5.474837875366210938e+01
2.200000000000000000e+02	1.008041323332209638e+00	5.465028762817382812e+01	5.465028762817382812e+01	5.465028762817382812e+01
2.300000000000000000e+02	9.943374782062613937e-01	5.490020370483398438e+01	5.490020370483398438e+01	5.490020370483398438e+01
2.400000000000000000e+02	1.002010846732616534e+00	5.475970458984375000e+01	5.475970458984375000e+01	5.475970458984375000e+01
2.500000000000000000e+02	1.000530384190666755e+00	5.478670120239257812e+01	5.478670120239257812e+01	5.478670120239257812e+01
2.600000000000000000e+02	9.969764644420708866e-01	5.485172271728515625e+01	5.485172271728515625e+01	5.485172271728515625e+01
2.700000000000000000e+02	1.004627513069828559e+00	5.471212005615234375e+01	5.471212005615234375e+01	5.471212005615234375e+01
2.800000000000000000e+02	1.006973829525082520e+00	5.466959381103515625e+01	5.466959381103515625e+01	5.466959381103515625e+01
2.900000000000000000e+02	1.004429246618351534e+00	5.471572113037109375e+01	5.471572113037109375e+01	5.471572113037109375e+01
3.000000000000000000e+02	1.008377926298597016e+00	5.464420700073242188e+01	5.464420700073242188e+01	5.464420700073242188e+01
3.100000000000000000e+02	1.006671748581521975e+00	5.467506027221679688e+01	5.467506027221679688e+01	5.467506027221679688e+01
3.200000000000000000e+02	1.005685040863377955e+00	5.469293594360351562e+01	5.469293594360351562e+01	5.469293594360351562e+01
3.300000000000000000e+02	1.008710985674262206e+00	5.463819122314453125e+01	5.463819122314453125e+01	5.463819122314453125e+01
3.400000000000000000e+02	1.005056991289954960e+00	5.470432662963867188e+01	5.470432662963867188e+01	5.470432662963867188e+01
3.500000000000000000e+02	9.971719881391719609e-01	5.484813690185546875e+01	5.484813690185546875e+01	5.484813690185546875e+01
3.600000000000000000e+02	1.008409020560297131e+00	5.464364624023437500e+01	5.464364624023437500e+01	5.464364624023437500e+01
3.700000000000000000e+02	1.005872561509426388e+00	5.468953704833984375e+01	5.468953704833984375e+01	5.468953704833984375e+01
3.800000000000000000e+02	1.003748415767637736e+00	5.472808837890625000e+01	5.472808837890625000e+01	5.472808837890625000e+01
3.900000000000000000e+02	1.006157146185120421e+00	5.468437957763671875e+01	5.468437957763671875e+01	5.468437957763671875e+01
4.000000000000000000e+02	1.010545394442551537e+00	5.460511016845703125e+01	5.460511016845703125e+01	5.460511016845703125e+01
4.100000000000000000e+02	9.988301722076781131e-01	5.481776809692382812e+01	5.481776809692382812e+01	5.481776809692382812e+01
4.200000000000000000e+02	1.000143140472744330e+00	5.479376983642578125e+01	5.479376983642578125e+01	5.479376983642578125e+01
4.300000000000000000e+02	9.966341286839511815e-01	5.485800170898437500e+01	5.485800170898437500e+01	5.485800170898437500e+01
4.400000000000000000e+02	1.005387764168942377e+00	5.469832611083984375e+01	5.469832611083984375e+01	5.469832611083984375e+01
4.500000000000000000e+02	1.000732059665927265e+00	5.478302001953125000e+01	5.478302001953125000e+01	5.478302001953125000e+01
4.600000000000000000e+02	1.005889856893909196e+00	5.468922424316406250e+01	5.468922424316406250e+01	5.468922424316406250e+01
4.700000000000000000e+02	1.008642578503129661e+00	5.463942718505859375e+01	5.463942718505859375e+01	5.463942718505859375e+01
4.800000000000000000e+02	1.006032950970922046e+00	5.468663024902343750e+01	5.468663024902343750e+01	5.468663024902343750e+01
4.900000000000000000e+02	1.009492238621274351e+00	5.462409210205078125e+01	5.462409210205078125e+01	5.462409210205078125e+01
5.000000000000000000e+02	1.006923951535468209e+00	5.467049407958984375e+01	5.467049407958984375e+01	5.467049407958984375e+01
5.100000000000000000e+02	1.005850654876203620e+00	5.468993377685546875e+01	5.468993377685546875e+01	5.468993377685546875e+01
5.200000000000000000e+02	1.004639685672435112e+00	5.471189880371093750e+01	5.471189880371093750e+01	5.471189880371093750e+01
5.300000000000000000e+02	1.004028831905151131e+00	5.472299194335937500e+01	5.472299194335937500e+01	5.472299194335937500e+01
5.400000000000000000e+02	1.003060672319512570e+00	5.474059295654296875e+01	5.474059295654296875e+01	5.474059295654296875e+01
5.500000000000000000e+02	1.001721264834112279e+00	5.476498031616210938e+01	5.476498031616210938e+01	5.476498031616210938e+01
5.600000000000000000e+02	1.009009651048664358e+00	5.463280105590820312e+01	5.463280105590820312e+01	5.463280105590820312e+01
5.700000000000000000e+02	1.009104700451508796e+00	5.463108444213867188e+01	5.463108444213867188e+01	5.463108444213867188e+01
5.800000000000000000e+02	1.003564746783444983e+00	5.473142623901367188e+01	5.473142623901367188e+01	5.473142623901367188e+01
5.900000000000000000e+02	9.970567039053827019e-01	5.485025024414062500e+01	5.485025024414062500e+01	5.485025024414062500e+01
6.000000000000000000e+02	1.014093259263188385e+00	5.454135513305664062e+01	5.454135513305664062e+01	5.454135513305664062e+01
6.100000000000000000e+02	1.009801147203148952e+00	5.461852264404296875e+01	5.461852264404296875e+01	5.461852264404296875e+01
6.200000000000000000e+02	1.007041625293970677e+00	5.466836547851562500e+01	5.466836547851562500e+01	5.466836547851562500e+01
6.300000000000000000e+02	1.007757311505769637e+00	5.465542221069335938e+01	5.465542221069335938e+01	5.465542221069335938e+01
6.400000000000000000e+02	1.006568497344794366e+00	5.467692947387695312e+01	5.467692947387695312e+01	5.467692947387695312e+01
6.500000000000000000e+02	1.005419346272742098e+00	5.469775390625000000e+01	5.469775390625000000e+01	5.469775390625000000e+01
6.600000000000000000e+02	1.007006281758409116e+00	5.466900634765625000e+01	5.466900634765625000e+01	5.466900634765625000e+01
6.700000000000000000e+02	1.009015355441593265e+00	5.463269805908203125e+01	5.463269805908203125e+01	5.463269805908203125e+01
6.800000000000000000e+02	1.003493593120511340e+00	5.473271942138671875e+01	5.473271942138671875e+01	5.473271942138671875e+01
6.900000000000000000e+02	1.007362623476489638e+00	5.466255950927734375e+01	5.466255950927734375e+01	5.466255950927734375e+01
7.000000000000000000e+02	1.004545092183460886e+00	5.471361541748046875e+01	5.471361541748046875e+01	5.471361541748046875e+01
7.100000000000000000e+02	1.000390941911720510e+00	5.478924560546875000e+01	5.478924560546875000e+01	5.478924560546875000e+01
7.200000000000000000e+02	1.002305652471081610e+00	5.475433349609375000e+01	5.475433349609375000e+01	5.475433349609375000e+01
7.300000000000000000e+02	1.003125075380882913e+00	5.473942184448242188e+01	5.473942184448242188e+01	5.473942184448242188e+01
7.400000000000000000e+02	1.003565416287866441e+00	5.473141479492187500e+01	5.473141479492187500e+01	5.473141479492187500e+01
7.500000000000000000e+02	1.010149682748417543e+00	5.461223983764648438e+01	5.461223983764648438e+01	5.461223983764648438e+01
7.600000000000000000e+02	9.992448453925831808e-01	5.481018447875976562e+01	5.481018447875976562e+01	5.481018447875976562e+01
7.700000000000000000e+02	9.947208021340104844e-01	5.489315032958984375e+01	5.489315032958984375e+01	5.489315032958984375e+01
7.800000000000000000e+02	9.997250639771669833e-01	5.480140686035156250e+01	5.480140686035156250e+01	5.480140686035156250e+01
7.900000000000000000e+02	1.001942296592118531e+00	5.476095199584960938e+01	5.476095199584960938e+01	5.476095199584960938e+01
8.000000000000000000e+02	1.009338774290452490e+00	5.462686157226562500e+01	5.462686157226562500e+01	5.462686157226562500e+01
8.100000000000000000e+02	9.938756467092150215e-01	5.490870666503906250e+01	5.490870666503906250e+01	5.490870666503906250e+01
8.200000000000000000e+02	9.950112391670252743e-01	5.488780975341796875e+01	5.488780975341796875e+01	5.488780975341796875e+01
8.300000000000000000e+02	1.003239377731582227e+00	5.473734283447265625e+01	5.473734283447265625e+01	5.473734283447265625e+01
8.400000000000000000e+02	1.010743948673228365e+00	5.460153579711914062e+01	5.460153579711914062e+01	5.460153579711914062e+01
8.500000000000000000e+02	1.006377062290555013e+00	5.468039703369140625e+01	5.468039703369140625e+01	5.468039703369140625e+01
8.600000000000000000e+02	1.005046631165272375e+00	5.470451354980468750e+01	5.470451354980468750e+01	5.470451354980468750e+01
8.700000000000000000e+02	1.001795026556746571e+00	5.476363754272460938e+01	5.476363754272460938e+01	5.476363754272460938e+01
8.800000000000000000e+02	1.008194779458100987e+00	5.464751434326171875e+01	5.464751434326171875e+01	5.464751434326171875e+01
8.900000000000000000e+02	9.970496234332043572e-01	5.485037994384765625e+01	5.485037994384765625e+01	5.485037994384765625e+01
9.000000000000000000e+02	9.966532774246278370e-01	5.485765075683593750e+01	5.485765075683593750e+01	5.485765075683593750e+01
9.100000000000000000e+02	1.002159896995414190e+00	5.475698852539062500e+01	5.475698852539062500e+01	5.475698852539062500e+01
9.200000000000000000e+02	1.012509530343012720e+00	5.456977844238281250e+01	5.456977844238281250e+01	5.456977844238281250e+01
9.300000000000000000e+02	1.003817404661940360e+00	5.472683334350585938e+01	5.472683334350585938e+01	5.472683334350585938e+01
9.400000000000000000e+02	9.957408048761136055e-01	5.487440109252929688e+01	5.487440109252929688e+01	5.487440109252929688e+01
9.500000000000000000e+02	1.009349803587585637e+00	5.462666320800781250e+01	5.462666320800781250e+01	5.462666320800781250e+01
9.600000000000000000e+02	1.005740751786799780e+00	5.469192504882812500e+01	5.469192504882812500e+01	5.469192504882812500e+01
9.700000000000000000e+02	1.010992372541368312e+00	5.459706115722656250e+01	5.459706115722656250e+01	5.459706115722656250e+01
9.800000000000000000e+02	9.992224679508028284e-01	5.481059265136718750e+01	5.481059265136718750e+01	5.481059265136718750e+01
9.900000000000000000e+02	1.008293826894389511e+00	5.464572525024414062e+01	5.464572525024414062e+01	5.464572525024414062e+01
1.000000000000000000e+03	1.003681636661840626e+00	5.472930145263671875e+01	5.472930145263671875e+01	5.472930145263671875e+01
1.010000000000000000e+03	1.000434376817405768e+00	5.478845214843750000e+01	5.478845214843750000e+01	5.478845214843750000e+01
1.020000000000000000e+03	1.007306925448791191e+00	5.466356658935546875e+01	5.466356658935546875e+01	5.466356658935546875e+01
1.030000000000000000e+03	1.007618258118670562e+00	5.465793609619140625e+01	5.465793609619140625e+01	5.465793609619140625e+01
1.040000000000000000e+03	1.001118617517529064e+00	5.477596664428710938e+01	5.477596664428710938e+01	5.477596664428710938e+01
1.050000000000000000e+03	1.003551165600900186e+00	5.473167419433593750e+01	5.473167419433593750e+01	5.473167419433593750e+01
1.060000000000000000e+03	1.010990916577098497e+00	5.459708786010742188e+01	5.459708786010742188e+01	5.459708786010742188e+01
1.070000000000000000e+03	1.004665757120858594e+00	5.471142578125000000e+01	5.471142578125000000e+01	5.471142578125000000e+01
1.080000000000000000e+03	1.007020149225938521e+00	5.466875457763671875e+01	5.466875457763671875e+01	5.466875457763671875e+01
1.090000000000000000e+03	1.001772725355466021e+00	5.476404190063476562e+01	5.476404190063476562e+01	5.476404190063476562e+01
1.100000000000000000e+03	1.001734034173983323e+00	5.476474761962890625e+01	5.476474761962890625e+01	5.476474761962890625e+01
1.110000000000000000e+03	1.001367950107911131e+00	5.477141952514648438e+01	5.477141952514648438e+01	5.477141952514648438e+01
1.120000000000000000e+03	9.974591343508606434e-01	5.484287261962890625e+01	5.484287261962890625e+01	5.484287261962890625e+01
1.130000000000000000e+03	1.009595316208580673e+00	5.462223434448242188e+01	5.462223434448242188e+01	5.462223434448242188e+01
1.140000000000000000e+03	1.003292810589522244e+00	5.473637008666992188e+01	5.473637008666992188e+01	5.473637008666992188e+01
1.150000000000000000e+03	1.010586515048720768e+00	5.460437011718750000e+01	5.460437011718750000e+01	5.460437011718750000e+01
1.160000000000000000e+03	1.001656184376325864e+00	5.476616668701171875e+01	5.476616668701171875e+01	5.476616668701171875e+01
1.170000000000000000e+03	1.003048537950476771e+00	5.474081420898437500e+01	5.474081420898437500e+01	5.474081420898437500e+01
1.180000000000000000e+03	1.003739996135825097e+00	5.472824096679687500e+01	5.472824096679687500e+01	5.472824096679687500e+01
1.190000000000000000e+03	1.003142085284997931e+00	5.473911285400390625e+01	5.473911285400390625e+01	5.473911285400390625e+01
1.200000000000000000e+03	1.005442194137899925e+00	5.469733810424804688e+01	5.469733810424804688e+01	5.469733810424804688e+01
1.210000000000000000e+03	1.005650080608343044e+00	5.469356918334960938e+01	5.469356918334960938e+01	5.469356918334960938e+01
1.220000000000000000e+03	1.003118195134088841e+00	5.473954772949218750e+01	5.473954772949218750e+01	5.473954772949218750e+01
1.230000000000000000e+03	1.005602158274454760e+00	5.469443893432617188e+01	5.469443893432617188e+01	5.469443893432617188e+01
1.240000000000000000e+03	1.001399661089560578e+00	5.477084350585937500e+01	5.477084350585937500e+01	5.477084350585937500e+01
1.250000000000000000e+03	1.002700015178429771e+00	5.474715423583984375e+01	5.474715423583984375e+01	5.474715423583984375e+01
1.260000000000000000e+03	1.004102933867075720e+00	5.472164535522460938e+01	5.472164535522460938e+01	5.472164535522460938e+01
1.270000000000000000e+03	1.013717014323510135e+00	5.454810333251953125e+01	5.454810333251953125e+01	5.454810333251953125e+01
1.280000000000000000e+03	1.007262217301849949e+00	5.466437530517578125e+01	5.466437530517578125e+01	5.466437530517578125e+01
1.290000000000000000e+03	1.005277578324285770e+00	5.470032501220703125e+01	5.470032501220703125e+01	5.470032501220703125e+01
1.300000000000000000e+03	1.002769051010867551e+00	5.474589920043945312e+01	5.474589920043945312e+01	5.474589920043945312e+01
1.310000000000000000e+03	1.003205160751269753e+00	5.473796463012695312e+01	5.473796463012695312e+01	5.473796463012695312e+01
1.320000000000000000e+03	1.004042043081658342e+00	5.472275161743164062e+01	5.472275161743164062e+01	5.472275161743164062e+01
1.330000000000000000e+03	1.007704559274584577e+00	5.465637588500976562e+01	5.465637588500976562e+01	5.465637588500976562e+01
1.340000000000000000e+03	1.006647978712685187e+00	5.467549133300781250e+01	5.467549133300781250e+01	5.467549133300781250e+01
1.350000000000000000e+03	1.004010355987783765e+00	5.472332763671875000e+01	5.472332763671875000e+01	5.472332763671875000e+01
1.360000000000000000e+03	1.001878426599811966e+00	5.476211547851562500e+01	5.476211547851562500e+01	5.476211547851562500e+01
1.370000000000000000e+03	1.002866939680727043e+00	5.474411773681640625e+01	5.474411773681640625e+01	5.474411773681640625e+01
1.380000000000000000e+03	1.001698014036394468e+00	5.476540374755859375e+01	5.476540374755859375e+01	5.476540374755859375e+01
1.390000000000000000e+03	1.001185627133477807e+00	5.477474594116210938e+01	5.477474594116210938e+01	5.477474594116210938e+01
1.400000000000000000e+03	1.001805415062140270e+00	5.476344680786132812e+01	5.476344680786132812e+01	5.476344680786132812e+01
1.410000000000000000e+03	9.965873447082924663e-01	5.485886001586914062e+01	5.485886001586914062e+01	5.485886001586914062e+01
1.420000000000000000e+03	1.007272334099743594e+00	5.466419219970703125e+01	5.466419219970703125e+01	5.466419219970703125e+01
1.430000000000000000e+03	1.001511093978981304e+00	5.476881027221679688e+01	5.476881027221679688e+01	5.476881027221679688e+01
1.440000000000000000e+03	1.005616659340447638e+00	5.469417572021484375e+01	5.469417572021484375e+01	5.469417572021484375e+01
1.450000000000000000e+03	1.011825288557646640e+00	5.458207702636718750e+01	5.458207702636718750e+01	5.458207702636718750e+01
1.460000000000000000e+03	1.008365469818699234e+00	5.464443206787109375e+01	5.464443206787109375e+01	5.464443206787109375e+01
1.470000000000000000e+03	1.006291180679951713e+00	5.468195343017578125e+01	5.468195343017578125e+01	5.468195343017578125e+01
1.480000000000000000e+03	1.012547987409727401e+00	5.456908798217773438e+01	5.456908798217773438e+01	5.456908798217773438e+01
1.490000000000000000e+03	1.010566536223035161e+00	5.460472869873046875e+01	5.460472869873046875e+01	5.460472869873046875e+01
1.500000000000000000e+03	1.001554435689318456e+00	5.476802062988281250e+01	5.476802062988281250e+01	5.476802062988281250e+01
1.510000000000000000e+03	1.017134524143225471e+00	5.448694229125976562e+01	5.448694229125976562e+01	5.448694229125976562e+01
1.520000000000000000e+03	1.001059039796244443e+00	5.477705383300781250e+01	5.477705383300781250e+01	5.477705383300781250e+01
1.530000000000000000e+03	1.001176203364196882e+00	5.477491760253906250e+01	5.477491760253906250e+01	5.477491760253906250e+01
1.540000000000000000e+03	1.009924337395869065e+00	5.461630249023437500e+01	5.461630249023437500e+01	5.461630249023437500e+01
1.550000000000000000e+03	1.001363188872671284e+00	5.477150726318359375e+01	5.477150726318359375e+01	5.477150726318359375e+01
1.560000000000000000e+03	1.002735057075535563e+00	5.474651718139648438e+01	5.474651718139648438e+01	5.474651718139648438e+01
1.570000000000000000e+03	1.015058675169351554e+00	5.452405929565429688e+01	5.452405929565429688e+01	5.452405929565429688e+01
1.580000000000000000e+03	1.004437198768213246e+00	5.471557617187500000e+01	5.471557617187500000e+01	5.471557617187500000e+01
1.590000000000000000e+03	1.003340513065329009e+00	5.473550415039062500e+01	5.473550415039062500e+01	5.473550415039062500e+01
1.600000000000000000e+03	9.949710002296208167e-01	5.488854980468750000e+01	5.488854980468750000e+01	5.488854980468750000e+01
1.610000000000000000e+03	1.004460097830781384e+00	5.471516036987304688e+01	5.471516036987304688e+01	5.471516036987304688e+01
1.620000000000000000e+03	1.009692025024711670e+00	5.462049102783203125e+01	5.462049102783203125e+01	5.462049102783203125e+01
1.630000000000000000e+03	1.004427905304279278e+00	5.471574401855468750e+01	5.471574401855468750e+01	5.471574401855468750e+01
1.640000000000000000e+03	1.006490182947893164e+00	5.467834854125976562e+01	5.467834854125976562e+01	5.467834854125976562e+01
1.650000000000000000e+03	1.010255705407211213e+00	5.461032867431640625e+01	5.461032867431640625e+01	5.461032867431640625e+01
1.660000000000000000e+03	1.001913315765527779e+00	5.476148223876953125e+01	5.476148223876953125e+01	5.476148223876953125e+01
1.670000000000000000e+03	1.001019547292118395e+00	5.477777481079101562e+01	5.477777481079101562e+01	5.477777481079101562e+01
1.680000000000000000e+03	1.008080406779084948e+00	5.464958190917968750e+01	5.464958190917968750e+01	5.464958190917968750e+01
1.690000000000000000e+03	1.000966546587666262e+00	5.477873992919921875e+01	5.477873992919921875e+01	5.477873992919921875e+01
1.700000000000000000e+03	1.009285469418749415e+00	5.462782287597656250e+01	5.462782287597656250e+01	5.462782287597656250e+01
1.710000000000000000e+03	9.962115345166042690e-01	5.486575698852539062e+01	5.486575698852539062e+01	5.486575698852539062e+01
1.720000000000000000e+03	1.006515869496674931e+00	5.467788314819335938e+01	5.467788314819335938e+01	5.467788314819335938e+01
1.730000000000000000e+03	9.988520583453700530e-01	5.481736755371093750e+01	5.481736755371093750e+01	5.481736755371093750e+01
1.740000000000000000e+03	1.005940401259455275e+00	5.468830871582031250e+01	5.468830871582031250e+01	5.468830871582031250e+01
1.750000000000000000e+03	9.972812542311449979e-01	5.484613418579101562e+01	5.484613418579101562e+01	5.484613418579101562e+01
1.760000000000000000e+03	1.001187816519413465e+00	5.477470397949218750e+01	5.477470397949218750e+01	5.477470397949218750e+01
1.770000000000000000e+03	9.974629136927918305e-01	5.484280395507812500e+01	5.484280395507812500e+01	5.484280395507812500e+01
1.780000000000000000e+03	1.001364426789478124e+00	5.477148437500000000e+01	5.477148437500000000e+01	5.477148437500000000e+01
1.790000000000000000e+03	1.002760170350296409e+00	5.474605941772460938e+01	5.474605941772460938e+01	5.474605941772460938e+01
1.800000000000000000e+03	1.003823816039382866e+00	5.472671890258789062e+01	5.472671890258789062e+01	5.472671890258789062e+01
1.810000000000000000e+03	1.007923126412125781e+00	5.465242385864257812e+01	5.465242385864257812e+01	5.465242385864257812e+01
1.820000000000000000e+03	1.002105917179020311e+00	5.475797271728515625e+01	5.475797271728515625e+01	5.475797271728515625e+01
1.830000000000000000e+03	1.016555096437036232e+00	5.449729156494140625e+01	5.449729156494140625e+01	5.449729156494140625e+01
1.840000000000000000e+03	1.005786285642243039e+00	5.469110107421875000e+01	5.469110107421875000e+01	5.469110107421875000e+01
1.850000000000000000e+03	9.988045922234144447e-01	5.481823730468750000e+01	5.481823730468750000e+01	5.481823730468750000e+01
1.860000000000000000e+03	1.007631274664773979e+00	5.465769958496093750e+01	5.465769958496093750e+01	5.465769958496093750e+01
1.870000000000000000e+03	1.001611785871477922e+00	5.476697540283203125e+01	5.476697540283203125e+01	5.476697540283203125e+01
1.880000000000000000e+03	1.009177232386240464e+00	5.462977600097656250e+01	5.462977600097656250e+01	5.462977600097656250e+01
1.890000000000000000e+03	1.001000040096475585e+00	5.477812957763671875e+01	5.477812957763671875e+01	5.477812957763671875e+01
1.900000000000000000e+03	1.000911553585476677e+00	5.477974319458007812e+01	5.477974319458007812e+01	5.477974319458007812e+01
1.910000000000000000e+03	1.007012830237147938e+00	5.466888809204101562e+01	5.466888809204101562e+01	5.466888809204101562e+01
1.920000000000000000e+03	1.006891986001393180e+00	5.467107391357421875e+01	5.467107391357421875e+01	5.467107391357421875e+01
1.930000000000000000e+03	1.001941057246140465e+00	5.476097488403320312e+01	5.476097488403320312e+01	5.476097488403320312e+01
1.940000000000000000e+03	1.004609494325594321e+00	5.471244812011718750e+01	5.471244812011718750e+01	5.471244812011718750e+01
1.950000000000000000e+03	1.009018546062375732e+00	5.463264083862304688e+01	5.463264083862304688e+01	5.463264083862304688e+01
1.960000000000000000e+03	1.009053934300402355e+00	5.463199996948242188e+01	5.463199996948242188e+01	5.463199996948242188e+01
1.970000000000000000e+03	1.000190353901020623e+00	5.479290771484375000e+01	5.479290771484375000e+01	5.479290771484375000e+01
1.980000000000000000e+03	9.967805456322027524e-01	5.485531616210937500e+01	5.485531616210937500e+01	5.485531616210937500e+01
1.990000000000000000e+03	9.999822493126705458e-01	5.479670715332031250e+01	5.479670715332031250e+01	5.479670715332031250e+01
2.000000000000000000e+03	1.004853664925124734e+00	5.470801544189453125e+01	5.470801544189453125e+01	5.470801544189453125e+01
2.010000000000000000e+03	1.003555756382042086e+00	5.473159027099609375e+01	5.473159027099609375e+01	5.473159027099609375e+01
2.020000000000000000e+03	9.984057140463526991e-01	5.482553482055664062e+01	5.482553482055664062e+01	5.482553482055664062e+01
2.030000000000000000e+03	1.002823197796185006e+00	5.474491500854492188e+01	5.474491500854492188e+01	5.474491500854492188e+01
2.040000000000000000e+03	9.973708948578646760e-01	5.484449005126953125e+01	5.484449005126953125e+01	5.484449005126953125e+01
2.050000000000000000e+03	1.009952814877339788e+00	5.461578750610351562e+01	5.461578750610351562e+01	5.461578750610351562e+01
2.060000000000000000e+03	1.011979120982728686e+00	5.457931137084960938e+01	5.457931137084960938e+01	5.457931137084960938e+01
2.070000000000000000e+03	1.004821926582548208e+00	5.470859146118164062e+01	5.470859146118164062e+01	5.470859146118164062e+01
2.080000000000000000e+03	1.004471020763981315e+00	5.471496200561523438e+01	5.471496200561523438e+01	5.471496200561523438e+01
2.090000000000000000e+03	1.001732128281692003e+00	5.476478195190429688e+01	5.476478195190429688e+01	5.476478195190429688e+01
2.100000000000000000e+03	1.012625105064210773e+00	5.456770324707031250e+01	5.456770324707031250e+01	5.456770324707031250e+01
2.110000000000000000e+03	1.002460611843037031e+00	5.475151443481445312e+01	5.475151443481445312e+01	5.475151443481445312e+01
2.120000000000000000e+03	9.977656374915142568e-01	5.483725738525390625e+01	5.483725738525390625e+01	5.483725738525390625e+01
2.130000000000000000e+03	1.011084786320106010e+00	5.459539794921875000e+01	5.459539794921875000e+01	5.459539794921875000e+01
2.140000000000000000e+03	1.012196627644515790e+00	5.457540130615234375e+01	5.457540130615234375e+01	5.457540130615234375e+01
2.150000000000000000e+03	1.001565295518728860e+00	5.476782226562500000e+01	5.476782226562500000e+01	5.476782226562500000e+01
2.160000000000000000e+03	1.011417596430146837e+00	5.458940887451171875e+01	5.458940887451171875e+01	5.458940887451171875e+01
2.170000000000000000e+03	1.006174643640640687e+00	5.468406295776367188e+01	5.468406295776367188e+01	5.468406295776367188e+01
2.180000000000000000e+03	1.006522796430906252e+00	5.467775726318359375e+01	5.467775726318359375e+01	5.467775726318359375e+01
2.190000000000000000e+03	1.010094451240757030e+00	5.461323547363281250e+01	5.461323547363281250e+01	5.461323547363281250e+01
2.200000000000000000e+03	9.999735129040157044e-01	5.479686737060546875e+01	5.479686737060546875e+01	5.479686737060546875e+01
2.210000000000000000e+03	1.007854536666640710e+00	5.465366363525390625e+01	5.465366363525390625e+01	5.465366363525390625e+01
2.220000000000000000e+03	1.005734700129068848e+00	5.469203567504882812e+01	5.469203567504882812e+01	5.469203567504882812e+01
2.230000000000000000e+03	9.947696664026747237e-01	5.489225387573242188e+01	5.489225387573242188e+01	5.489225387573242188e+01
2.240000000000000000e+03	9.998064109966193769e-01	5.479991912841796875e+01	5.479991912841796875e+01	5.479991912841796875e+01
2.250000000000000000e+03	9.962842985019247921e-01	5.486442184448242188e+01	5.486442184448242188e+01	5.486442184448242188e+01
2.260000000000000000e+03	9.989465302987976525e-01	5.481563949584960938e+01	5.481563949584960938e+01	5.481563949584960938e+01
2.270000000000000000e+03	9.987548571155979715e-01	5.481914520263671875e+01	5.481914520263671875e+01	5.481914520263671875e+01
2.280000000000000000e+03	1.006111098097925094e+00	5.468521499633789062e+01	5.468521499633789062e+01	5.468521499633789062e+01
2.290000000000000000e+03	1.010542485092462028e+00	5.460516357421875000e+01	5.460516357421875000e+01	5.460516357421875000e+01
2.300000000000000000e+03	1.001197145314634884e+00	5.477453613281250000e+01	5.477453613281250000e+01	5.477453613281250000e+01
2.310000000000000000e+03	1.010723575570921406e+00	5.460190200805664062e+01	5.460190200805664062e+01	5.460190200805664062e+01
2.320000000000000000e+03	9.994493230103409509e-01	5.480644607543945312e+01	5.480644607543945312e+01	5.480644607543945312e+01
2.330000000000000000e+03	1.003809270942743082e+00	5.472698211669921875e+01	5.472698211669921875e+01	5.472698211669921875e+01
2.340000000000000000e+03	1.001908835326841718e+00	5.476156234741210938e+01	5.476156234741210938e+01	5.476156234741210938e+01
2.350000000000000000e+03	1.002032967833871302e+00	5.475930023193359375e+01	5.475930023193359375e+01	5.475930023193359375e+01
2.360000000000000000e+03	1.004856158052070736e+00	5.470796966552734375e+01	5.470796966552734375e+01	5.470796966552734375e+01
2.370000000000000000e+03	1.000304558528865462e+00	5.479082107543945312e+01	5.479082107543945312e+01	5.479082107543945312e+01
2.380000000000000000e+03	9.984813551962465894e-01	5.482415008544921875e+01	5.482415008544921875e+01	5.482415008544921875e+01
2.390000000000000000e+03	9.951027290494395272e-01	5.488612747192382812e+01	5.488612747192382812e+01	5.488612747192382812e+01
2.400000000000000000e+03	1.016380935755590409e+00	5.450040435791015625e+01	5.450040435791015625e+01	5.450040435791015625e+01
2.410000000000000000e+03	9.976754532763346672e-01	5.483890914916992188e+01	5.483890914916992188e+01	5.483890914916992188e+01
2.420000000000000000e+03	1.001277780003969831e+00	5.477306365966796875e+01	5.477306365966796875e+01	5.477306365966796875e+01
2.430000000000000000e+03	9.998352700631347734e-01	5.479939270019531250e+01	5.479939270019531250e+01	5.479939270019531250e+01
2.440000000000000000e+03	1.005575366014317629e+00	5.469492340087890625e+01	5.469492340087890625e+01	5.469492340087890625e+01
2.450000000000000000e+03	1.014823016955563650e+00	5.452827835083007812e+01	5.452827835083007812e+01	5.452827835083007812e+01
2.460000000000000000e+03	1.002646359036307278e+00	5.474813079833984375e+01	5.474813079833984375e+01	5.474813079833984375e+01
2.470000000000000000e+03	1.001124708930136054e+00	5.477585601806640625e+01	5.477585601806640625e+01	5.477585601806640625e+01
2.480000000000000000e+03	1.005492693523644565e+00	5.469642257690429688e+01	5.469642257690429688e+01	5.469642257690429688e+01
2.490000000000000000e+03	1.003158426803596459e+00	5.473881530761718750e+01	5.473881530761718750e+01	5.473881530761718750e+01
2.500000000000000000e+03	1.005064473735059360e+00	5.470418930053710938e+01	5.470418930053710938e+01	5.470418930053710938e+01
2.510000000000000000e+03	1.005646046889169698e+00	5.469364166259765625e+01	5.469364166259765625e+01	5.469364166259765625e+01
2.520000000000000000e+03	1.005386516284616949e+00	5.469834899902343750e+01	5.469834899902343750e+01	5.469834899902343750e+01
2.530000000000000000e+03	1.003851663420124218e+00	5.472621154785156250e+01	5.472621154785156250e+01	5.472621154785156250e+01
2.540000000000000000e+03	1.017142187499056494e+00	5.448680496215820312e+01	5.448680496215820312e+01	5.448680496215820312e+01
2.550000000000000000e+03	9.990985567871399908e-01	5.481285858154296875e+01	5.481285858154296875e+01	5.481285858154296875e+01
2.560000000000000000e+03	1.003815777907555828e+00	5.472686386108398438e+01	5.472686386108398438e+01	5.472686386108398438e+01
2.570000000000000000e+03	1.002154746726651169e+00	5.475708389282226562e+01	5.475708389282226562e+01	5.475708389282226562e+01
2.580000000000000000e+03	1.007825405731546331e+00	5.465419006347656250e+01	5.465419006347656250e+01	5.465419006347656250e+01
2.590000000000000000e+03	1.010974610063777757e+00	5.459738159179687500e+01	5.459738159179687500e+01	5.459738159179687500e+01
2.600000000000000000e+03	1.010554704475412402e+00	5.460494232177734375e+01	5.460494232177734375e+01	5.460494232177734375e+01
2.610000000000000000e+03	1.007373705998686919e+00	5.466235733032226562e+01	5.466235733032226562e+01	5.466235733032226562e+01
2.620000000000000000e+03	1.004690967197837015e+00	5.471096801757812500e+01	5.471096801757812500e+01	5.471096801757812500e+01
2.630000000000000000e+03	1.005129422201682221e+00	5.470301055908203125e+01	5.470301055908203125e+01	5.470301055908203125e+01
2.640000000000000000e+03	9.972596257660251151e-01	5.484653091430664062e+01	5.484653091430664062e+01	5.484653091430664062e+01
2.650000000000000000e+03	1.009566374929693033e+00	5.462275695800781250e+01	5.462275695800781250e+01	5.462275695800781250e+01
2.660000000000000000e+03	1.007080631257857961e+00	5.466765975952148438e+01	5.466765975952148438e+01	5.466765975952148438e+01
2.670000000000000000e+03	1.006432657531174391e+00	5.467938995361328125e+01	5.467938995361328125e+01	5.467938995361328125e+01
2.680000000000000000e+03	1.004246765011369336e+00	5.471903228759765625e+01	5.471903228759765625e+01	5.471903228759765625e+01
2.690000000000000000e+03	1.010202982034630770e+00	5.461127853393554688e+01	5.461127853393554688e+01	5.461127853393554688e+01
2.700000000000000000e+03	1.010906866015924610e+00	5.459860229492187500e+01	5.459860229492187500e+01	5.459860229492187500e+01
2.710000000000000000e+03	1.001851641758069622e+00	5.476260375976562500e+01	5.476260375976562500e+01	5.476260375976562500e+01
2.720000000000000000e+03	1.014279337156113403e+00	5.453802108764648438e+01	5.453802108764648438e+01	5.453802108764648438e+01
2.730000000000000000e+03	1.002912404722654083e+00	5.474328994750976562e+01	5.474328994750976562e+01	5.474328994750976562e+01
2.740000000000000000e+03	9.986879830456520946e-01	5.482036972045898438e+01	5.482036972045898438e+01	5.482036972045898438e+01
2.750000000000000000e+03	1.012481492601573940e+00	5.457028198242187500e+01	5.457028198242187500e+01	5.457028198242187500e+01
2.760000000000000000e+03	9.961951358114842225e-01	5.486605834960937500e+01	5.486605834960937500e+01	5.486605834960937500e+01
2.770000000000000000e+03	9.980875597919434128e-01	5.483135986328125000e+01	5.483135986328125000e+01	5.483135986328125000e+01
2.780000000000000000e+03	9.966935582119987869e-01	5.485691070556640625e+01	5.485691070556640625e+01	5.485691070556640625e+01
2.790000000000000000e+03	1.007296326175735057e+00	5.466375732421875000e+01	5.466375732421875000e+01	5.466375732421875000e+01
2.800000000000000000e+03	1.003705170977411187e+00	5.472887420654296875e+01	5.472887420654296875e+01	5.472887420654296875e+01
2.810000000000000000e+03	1.009559309250731785e+00	5.462288284301757812e+01	5.462288284301757812e+01	5.462288284301757812e+01
2.820000000000000000e+03	1.006638644293837981e+00	5.467565917968750000e+01	5.467565917968750000e+01	5.467565917968750000e+01
2.830000000000000000e+03	9.976801795075170842e-01	5.483882141113281250e+01	5.483882141113281250e+01	5.483882141113281250e+01
2.840000000000000000e+03	9.973323540257376107e-01	5.484519577026367188e+01	5.484519577026367188e+01	5.484519577026367188e+01
2.850000000000000000e+03	9.985630680880701604e-01	5.482265472412109375e+01	5.482265472412109375e+01	5.482265472412109375e+01
2.860000000000000000e+03	1.005316255795619451e+00	5.469962310791015625e+01	5.469962310791015625e+01	5.469962310791015625e+01
2.870000000000000000e+03	1.011212174175359246e+00	5.459310531616210938e+01	5.459310531616210938e+01	5.459310531616210938e+01
2.880000000000000000e+03	1.009216984309208254e+00	5.462905883789062500e+01	5.462905883789062500e+01	5.462905883789062500e+01
2.890000000000000000e+03	9.964620117123641485e-01	5.486116027832031250e+01	5.486116027832031250e+01	5.486116027832031250e+01
2.900000000000000000e+03	1.007470182426644767e+00	5.466061401367187500e+01	5.466061401367187500e+01	5.466061401367187500e+01
2.910000000000000000e+03	1.002473113733009846e+00	5.475128555297851562e+01	5.475128555297851562e+01	5.475128555297851562e+01
2.920000000000000000e+03	1.006840960890782899e+00	5.467199707031250000e+01	5.467199707031250000e+01	5.467199707031250000e+01
2.930000000000000000e+03	9.999921254367100110e-01	5.479652786254882812e+01	5.479652786254882812e+01	5.479652786254882812e+01
2.940000000000000000e+03	1.002537059573136879e+00	5.475012207031250000e+01	5.475012207031250000e+01	5.475012207031250000e+01
2.950000000000000000e+03	1.004130222228606151e+00	5.472114944458007812e+01	5.472114944458007812e+01	5.472114944458007812e+01
2.960000000000000000e+03	9.982142483256655208e-01	5.482904052734375000e+01	5.482904052734375000e+01	5.482904052734375000e+01
2.970000000000000000e+03	1.000713039176274854e+00	5.478336715698242188e+01	5.478336715698242188e+01	5.478336715698242188e+01
2.980000000000000000e+03	1.015533747923993424e+00	5.451555633544921875e+01	5.451555633544921875e+01	5.451555633544921875e+01
2.990000000000000000e+03	1.004627033839540662e+00	5.471212768554687500e+01	5.471212768554687500e+01	5.471212768554687500e+01
3.000000000000000000e+03	1.004164119311493408e+00	5.472053527832031250e+01	5.472053527832031250e+01	5.472053527832031250e+01
3.010000000000000000e+03	1.002276173631020839e+00	5.475487136840820312e+01	5.475487136840820312e+01	5.475487136840820312e+01
3.020000000000000000e+03	9.985260447153087027e-01	5.482333374023437500e+01	5.482333374023437500e+01	5.482333374023437500e+01
3.030000000000000000e+03	1.002094378078728143e+00	5.475818252563476562e+01	5.475818252563476562e+01	5.475818252563476562e+01
3.040000000000000000e+03	1.005715488999794127e+00	5.469238281250000000e+01	5.469238281250000000e+01	5.469238281250000000e+01
3.050000000000000000e+03	1.005855747122486044e+00	5.468984222412109375e+01	5.468984222412109375e+01	5.468984222412109375e+01
3.060000000000000000e+03	1.012515955877466789e+00	5.456966400146484375e+01	5.456966400146484375e+01	5.456966400146484375e+01
3.070000000000000000e+03	1.007013215444432008e+00	5.466888046264648438e+01	5.466888046264648438e+01	5.466888046264648438e+01
3.080000000000000000e+03	1.003133866944691199e+00	5.473926162719726562e+01	5.473926162719726562e+01	5.473926162719726562e+01
3.090000000000000000e+03	1.000293535980197435e+00	5.479102325439453125e+01	5.479102325439453125e+01	5.479102325439453125e+01
3.100000000000000000e+03	9.921141983193669800e-01	5.494118499755859375e+01	5.494118499755859375e+01	5.494118499755859375e+01
3.110000000000000000e+03	1.005809438403008738e+00	5.469068145751953125e+01	5.469068145751953125e+01	5.469068145751953125e+01
3.120000000000000000e+03	1.003253428396698288e+00	5.473708724975585938e+01	5.473708724975585938e+01	5.473708724975585938e+01
3.130000000000000000e+03	9.984278655868626950e-01	5.482513046264648438e+01	5.482513046264648438e+01	5.482513046264648438e+01
3.140000000000000000e+03	9.974235154601046593e-01	5.484352493286132812e+01	5.484352493286132812e+01	5.484352493286132812e+01
3.150000000000000000e+03	9.956129548152647946e-01	5.487675094604492188e+01	5.487675094604492188e+01	5.487675094604492188e+01
3.160000000000000000e+03	1.000102770352168990e+00	5.479450607299804688e+01	5.479450607299804688e+01	5.479450607299804688e+01
3.170000000000000000e+03	1.011195472110024030e+00	5.459340667724609375e+01	5.459340667724609375e+01	5.459340667724609375e+01
3.180000000000000000e+03	1.007194680839066825e+00	5.466559600830078125e+01	5.466559600830078125e+01	5.466559600830078125e+01
3.190000000000000000e+03	1.001865748898339126e+00	5.476234817504882812e+01	5.476234817504882812e+01	5.476234817504882812e+01
3.200000000000000000e+03	1.010513683430403820e+00	5.460568237304687500e+01	5.460568237304687500e+01	5.460568237304687500e+01
3.210000000000000000e+03	1.001410612796040711e+00	5.477064132690429688e+01	5.477064132690429688e+01	5.477064132690429688e+01
3.220000000000000000e+03	1.010000668411726421e+00	5.461492538452148438e+01	5.461492538452148438e+01	5.461492538452148438e+01
3.230000000000000000e+03	1.004376650629133616e+00	5.471667480468750000e+01	5.471667480468750000e+01	5.471667480468750000e+01
3.240000000000000000e+03	1.003390801548184941e+00	5.473458862304687500e+01	5.473458862304687500e+01	5.473458862304687500e+01
3.250000000000000000e+03	1.002115358458741001e+00	5.475780105590820312e+01	5.475780105590820312e+01	5.475780105590820312e+01
3.260000000000000000e+03	1.009073369880516324e+00	5.463164901733398438e+01	5.463164901733398438e+01	5.463164901733398438e+01
3.270000000000000000e+03	1.003887168678824660e+00	5.472556686401367188e+01	5.472556686401367188e+01	5.472556686401367188e+01
3.280000000000000000e+03	1.010622886298215839e+00	5.460371398925781250e+01	5.460371398925781250e+01	5.460371398925781250e+01
3.290000000000000000e+03	1.007177822221772878e+00	5.466590118408203125e+01	5.466590118408203125e+01	5.466590118408203125e+01
3.300000000000000000e+03	1.003767073409615351e+00	5.472774887084960938e+01	5.472774887084960938e+01	5.472774887084960938e+01
3.310000000000000000e+03	9.992434230677271767e-01	5.481021118164062500e+01	5.481021118164062500e+01	5.481021118164062500e+01
3.320000000000000000e+03	1.001365950383595660e+00	5.477145767211914062e+01	5.477145767211914062e+01	5.477145767211914062e+01
3.330000000000000000e+03	9.955738908378836127e-01	5.487746810913085938e+01	5.487746810913085938e+01	5.487746810913085938e+01
3.340000000000000000e+03	1.009564632698296549e+00	5.462278747558593750e+01	5.462278747558593750e+01	5.462278747558593750e+01
3.350000000000000000e+03	9.964287269073407449e-01	5.486177062988281250e+01	5.486177062988281250e+01	5.486177062988281250e+01
3.360000000000000000e+03	1.005981628466868782e+00	5.468756103515625000e+01	5.468756103515625000e+01	5.468756103515625000e+01
3.370000000000000000e+03	1.009690282359614111e+00	5.462052154541015625e+01	5.462052154541015625e+01	5.462052154541015625e+01
3.380000000000000000e+03	1.007686140692167331e+00	5.465670776367187500e+01	5.465670776367187500e+01	5.465670776367187500e+01
3.390000000000000000e+03	1.007915311919290291e+00	5.465256500244140625e+01	5.465256500244140625e+01	5.465256500244140625e+01
3.400000000000000000e+03	1.004332298001571422e+00	5.471747970581054688e+01	5.471747970581054688e+01	5.471747970581054688e+01
3.410000000000000000e+03	1.004328945370399850e+00	5.471754074096679688e+01	5.471754074096679688e+01	5.471754074096679688e+01
3.420000000000000000e+03	1.003468251846776349e+00	5.473318099975585938e+01	5.473318099975585938e+01	5.473318099975585938e+01
3.430000000000000000e+03	1.005932137004427407e+00	5.468845748901367188e+01	5.468845748901367188e+01	5.468845748901367188e+01
3.440000000000000000e+03	1.001977285547512420e+00	5.476031494140625000e+01	5.476031494140625000e+01	5.476031494140625000e+01
3.450000000000000000e+03	1.000931057332439922e+00	5.477938842773437500e+01	5.477938842773437500e+01	5.477938842773437500e+01
3.460000000000000000e+03	1.006346093211422765e+00	5.468095779418945312e+01	5.468095779418945312e+01	5.468095779418945312e+01
3.470000000000000000e+03	1.000778187356132998e+00	5.478217697143554688e+01	5.478217697143554688e+01	5.478217697143554688e+01
3.480000000000000000e+03	1.007711213273579487e+00	5.465625381469726562e+01	5.465625381469726562e+01	5.465625381469726562e+01
3.490000000000000000e+03	1.006966607502508548e+00	5.466972351074218750e+01	5.466972351074218750e+01	5.466972351074218750e+01
3.500000000000000000e+03	1.001731747104103842e+00	5.476478958129882812e+01	5.476478958129882812e+01	5.476478958129882812e+01
3.510000000000000000e+03	1.002853568394050710e+00	5.474436187744140625e+01	5.474436187744140625e+01	5.474436187744140625e+01
3.520000000000000000e+03	1.007456688108438581e+00	5.466085815429687500e+01	5.466085815429687500e+01	5.466085815429687500e+01
3.530000000000000000e+03	9.998484660466161467e-01	5.479915237426757812e+01	5.479915237426757812e+01	5.479915237426757812e+01
3.540000000000000000e+03	1.002287907718835802e+00	5.475465774536132812e+01	5.475465774536132812e+01	5.475465774536132812e+01
3.550000000000000000e+03	1.005742672963213957e+00	5.469189071655273438e+01	5.469189071655273438e+01	5.469189071655273438e+01
3.560000000000000000e+03	1.003290707578754271e+00	5.473640823364257812e+01	5.473640823364257812e+01	5.473640823364257812e+01
3.570000000000000000e+03	1.004906214987639546e+00	5.470706176757812500e+01	5.470706176757812500e+01	5.470706176757812500e+01
3.580000000000000000e+03	9.924557739079725716e-01	5.493487930297851562e+01	5.493487930297851562e+01	5.493487930297851562e+01
3.590000000000000000e+03	1.001311294344832348e+00	5.477245330810546875e+01	5.477245330810546875e+01	5.477245330810546875e+01
3.600000000000000000e+03	9.996314885649653093e-01	5.480311584472656250e+01	5.480311584472656250e+01	5.480311584472656250e+01
3.610000000000000000e+03	1.002185076849187784e+00	5.475653076171875000e+01	5.475653076171875000e+01	5.475653076171875000e+01
3.620000000000000000e+03	9.998651751297708001e-01	5.479884719848632812e+01	5.479884719848632812e+01	5.479884719848632812e+01
3.630000000000000000e+03	1.011927967969527220e+00	5.458023071289062500e+01	5.458023071289062500e+01	5.458023071289062500e+01
3.640000000000000000e+03	9.990633894397615844e-01	5.481350326538085938e+01	5.481350326538085938e+01	5.481350326538085938e+01
3.650000000000000000e+03	9.952912154977345827e-01	5.488266372680664062e+01	5.488266372680664062e+01	5.488266372680664062e+01
3.660000000000000000e+03	1.010284492365157050e+00	5.460980987548828125e+01	5.460980987548828125e+01	5.460980987548828125e+01
3.670000000000000000e+03	1.006779833841208616e+00	5.467310333251953125e+01	5.467310333251953125e+01	5.467310333251953125e+01
3.680000000000000000e+03	9.996795078356912612e-01	5.480223846435546875e+01	5.480223846435546875e+01	5.480223846435546875e+01
3.690000000000000000e+03	1.004396002246944919e+00	5.471632385253906250e+01	5.471632385253906250e+01	5.471632385253906250e+01
3.700000000000000000e+03	1.007256532714115638e+00	5.466447830200195312e+01	5.466447830200195312e+01	5.466447830200195312e+01
3.710000000000000000e+03	1.002907246716478795e+00	5.474338531494140625e+01	5.474338531494140625e+01	5.474338531494140625e+01
3.720000000000000000e+03	1.007007726268456471e+00	5.466897964477539062e+01	5.466897964477539062e+01	5.466897964477539062e+01
3.730000000000000000e+03	1.002318055090316573e+00	5.475410842895507812e+01	5.475410842895507812e+01	5.475410842895507812e+01
3.740000000000000000e+03	1.005784940701346830e+00	5.469112396240234375e+01	5.469112396240234375e+01	5.469112396240234375e+01
3.750000000000000000e+03	1.007149789999043366e+00	5.466640853881835938e+01	5.466640853881835938e+01	5.466640853881835938e+01
3.760000000000000000e+03	1.006259736096927426e+00	5.468252182006835938e+01	5.468252182006835938e+01	5.468252182006835938e+01
3.770000000000000000e+03	1.005640668647274749e+00	5.469374084472656250e+01	5.469374084472656250e+01	5.469374084472656250e+01
3.780000000000000000e+03	1.008424182122478863e+00	5.464337158203125000e+01	5.464337158203125000e+01	5.464337158203125000e+01
3.790000000000000000e+03	1.007650944750286159e+00	5.465734481811523438e+01	5.465734481811523438e+01	5.465734481811523438e+01
3.800000000000000000e+03	1.002551663274852567e+00	5.474985504150390625e+01	5.474985504150390625e+01	5.474985504150390625e+01
3.810000000000000000e+03	1.003455055765735793e+00	5.473342132568359375e+01	5.473342132568359375e+01	5.473342132568359375e+01
3.820000000000000000e+03	1.000727399579090404e+00	5.478310394287109375e+01	5.478310394287109375e+01	5.478310394287109375e+01
3.830000000000000000e+03	1.006002195283540512e+00	5.468718719482421875e+01	5.468718719482421875e+01	5.468718719482421875e+01
3.840000000000000000e+03	1.012820093743548089e+00	5.456420135498046875e+01	5.456420135498046875e+01	5.456420135498046875e+01
3.850000000000000000e+03	9.966168671493412790e-01	5.485831832885742188e+01	5.485831832885742188e+01	5.485831832885742188e+01
3.860000000000000000e+03	1.004605181424176985e+00	5.471252441406250000e+01	5.471252441406250000e+01	5.471252441406250000e+01
3.870000000000000000e+03	1.003732437723040105e+00	5.472837829589843750e+01	5.472837829589843750e+01	5.472837829589843750e+01
3.880000000000000000e+03	1.013014670264572148e+00	5.456070709228515625e+01	5.456070709228515625e+01	5.456070709228515625e+01
3.890000000000000000e+03	1.008834006657346460e+00	5.463597106933593750e+01	5.463597106933593750e+01	5.463597106933593750e+01
3.900000000000000000e+03	1.007730307845538409e+00	5.465591049194335938e+01	5.465591049194335938e+01	5.465591049194335938e+01
3.910000000000000000e+03	1.007991532515859490e+00	5.465118789672851562e+01	5.465118789672851562e+01	5.465118789672851562e+01
3.920000000000000000e+03	1.008630501929504542e+00	5.463964462280273438e+01	5.463964462280273438e+01	5.463964462280273438e+01
3.930000000000000000e+03	1.001358999023113316e+00	5.477158355712890625e+01	5.477158355712890625e+01	5.477158355712890625e+01
3.940000000000000000e+03	1.008801049940289074e+00	5.463656616210937500e+01	5.463656616210937500e+01	5.463656616210937500e+01
3.950000000000000000e+03	9.986796480952206956e-01	5.482052230834960938e+01	5.482052230834960938e+01	5.482052230834960938e+01
3.960000000000000000e+03	1.011128281003395912e+00	5.459461593627929688e+01	5.459461593627929688e+01	5.459461593627929688e+01
3.970000000000000000e+03	1.007561471344272874e+00	5.465896224975585938e+01	5.465896224975585938e+01	5.465896224975585938e+01
3.980000000000000000e+03	1.012378798164209170e+00	5.457212829589843750e+01	5.457212829589843750e+01	5.457212829589843750e+01
3.990000000000000000e+03	1.009307429183002647e+00	5.462742614746093750e+01	5.462742614746093750e+01	5.462742614746093750e+01
4.000000000000000000e+03	9.959184184212461766e-01	5.487113952636718750e+01	5.487113952636718750e+01	5.487113952636718750e+01
4.010000000000000000e+03	1.006595727441132349e+00	5.467643737792968750e+01	5.467643737792968750e+01	5.467643737792968750e+01
4.020000000000000000e+03	1.007384306900272142e+00	5.466216659545898438e+01	5.466216659545898438e+01	5.466216659545898438e+01
4.030000000000000000e+03	9.973150682965756797e-01	5.484551239013671875e+01	5.484551239013671875e+01	5.484551239013671875e+01
4.040000000000000000e+03	9.976889704166195250e-01	5.483866119384765625e+01	5.483866119384765625e+01	5.483866119384765625e+01
4.050000000000000000e+03	1.006216563097333871e+00	5.468330383300781250e+01	5.468330383300781250e+01	5.468330383300781250e+01
4.060000000000000000e+03	1.007985164277871659e+00	5.465130233764648438e+01	5.465130233764648438e+01	5.465130233764648438e+01
4.070000000000000000e+03	1.001716214364156921e+00	5.476507186889648438e+01	5.476507186889648438e+01	5.476507186889648438e+01
4.080000000000000000e+03	9.991357174291664034e-01	5.481217956542968750e+01	5.481217956542968750e+01	5.481217956542968750e+01
4.090000000000000000e+03	1.006940897942965263e+00	5.467018890380859375e+01	5.467018890380859375e+01	5.467018890380859375e+01
4.100000000000000000e+03	1.008940913351270785e+00	5.463404083251953125e+01	5.463404083251953125e+01	5.463404083251953125e+01
4.110000000000000000e+03	1.006979510922308751e+00	5.466949081420898438e+01	5.466949081420898438e+01	5.466949081420898438e+01
4.120000000000000000e+03	1.000033056453354385e+00	5.479578018188476562e+01	5.479578018188476562e+01	5.479578018188476562e+01
4.130000000000000000e+03	1.011560129831143184e+00	5.458684539794921875e+01	5.458684539794921875e+01	5.458684539794921875e+01
4.140000000000000000e+03	1.014866736051784679e+00	5.452749633789062500e+01	5.452749633789062500e+01	5.452749633789062500e+01
4.150000000000000000e+03	1.009579635443488943e+00	5.462251663208007812e+01	5.462251663208007812e+01	5.462251663208007812e+01
4.160000000000000000e+03	1.016201735215012336e+00	5.450360870361328125e+01	5.450360870361328125e+01	5.450360870361328125e+01
4.170000000000000000e+03	1.008893160183591320e+00	5.463490295410156250e+01	5.463490295410156250e+01	5.463490295410156250e+01
4.180000000000000000e+03	1.009086133952366682e+00	5.463142013549804688e+01	5.463142013549804688e+01	5.463142013549804688e+01
4.190000000000000000e+03	1.008201150344981700e+00	5.464739990234375000e+01	5.464739990234375000e+01	5.464739990234375000e+01
4.200000000000000000e+03	1.008764423153673206e+00	5.463722610473632812e+01	5.463722610473632812e+01	5.463722610473632812e+01
4.210000000000000000e+03	1.003143327603970070e+00	5.473908996582031250e+01	5.473908996582031250e+01	5.473908996582031250e+01
4.220000000000000000e+03	1.005137289498741593e+00	5.470286941528320312e+01	5.470286941528320312e+01	5.470286941528320312e+01
4.230000000000000000e+03	9.965755550847799071e-01	5.485907745361328125e+01	5.485907745361328125e+01	5.485907745361328125e+01
4.240000000000000000e+03	1.005744594146967597e+00	5.469185638427734375e+01	5.469185638427734375e+01	5.469185638427734375e+01
4.250000000000000000e+03	1.007379006421590617e+00	5.466226196289062500e+01	5.466226196289062500e+01	5.466226196289062500e+01
4.260000000000000000e+03	1.014314704561119385e+00	5.453738784790039062e+01	5.453738784790039062e+01	5.453738784790039062e+01
4.270000000000000000e+03	1.001228464684391639e+00	5.477396392822265625e+01	5.477396392822265625e+01	5.477396392822265625e+01
4.280000000000000000e+03	1.004131754250769060e+00	5.472112274169921875e+01	5.472112274169921875e+01	5.472112274169921875e+01
4.290000000000000000e+03	1.003654181355180031e+00	5.472980117797851562e+01	5.472980117797851562e+01	5.472980117797851562e+01
4.300000000000000000e+03	9.990076575828548133e-01	5.481452178955078125e+01	5.481452178955078125e+01	5.481452178955078125e+01
4.310000000000000000e+03	1.005225757097549577e+00	5.470126342773437500e+01	5.470126342773437500e+01	5.470126342773437500e+01
4.320000000000000000e+03	1.003213380259795340e+00	5.473781585693359375e+01	5.473781585693359375e+01	5.473781585693359375e+01
4.330000000000000000e+03	1.008757272059768173e+00	5.463735580444335938e+01	5.463735580444335938e+01	5.463735580444335938e+01
4.340000000000000000e+03	1.011286369087883941e+00	5.459177017211914062e+01	5.459177017211914062e+01	5.459177017211914062e+01
4.350000000000000000e+03	9.974250270854755351e-01	5.484349822998046875e+01	5.484349822998046875e+01	5.484349822998046875e+01
4.360000000000000000e+03	1.004962511024212191e+00	5.470603942871093750e+01	5.470603942871093750e+01	5.470603942871093750e+01
4.370000000000000000e+03	9.996939334979433323e-01	5.480197525024414062e+01	5.480197525024414062e+01	5.480197525024414062e+01
4.380000000000000000e+03	1.008470828513441164e+00	5.464252853393554688e+01	5.464252853393554688e+01	5.464252853393554688e+01
4.390000000000000000e+03	1.011478122067427377e+00	5.458832168579101562e+01	5.458832168579101562e+01	5.458832168579101562e+01
4.400000000000000000e+03	1.006372830378489125e+00	5.468047332763671875e+01	5.468047332763671875e+01	5.468047332763671875e+01
4.410000000000000000e+03	9.999029625022913814e-01	5.479815673828125000e+01	5.479815673828125000e+01	5.479815673828125000e+01
4.420000000000000000e+03	1.005337275322227164e+00	5.469924163818359375e+01	5.469924163818359375e+01	5.469924163818359375e+01
4.430000000000000000e+03	9.990968504975066278e-01	5.481288909912109375e+01	5.481288909912109375e+01	5.481288909912109375e+01
4.440000000000000000e+03	9.996786536976920434e-01	5.480225372314453125e+01	5.480225372314453125e+01	5.480225372314453125e+01
4.450000000000000000e+03	1.010329663087220942e+00	5.460899734497070312e+01	5.460899734497070312e+01	5.460899734497070312e+01
4.460000000000000000e+03	1.004970759354891108e+00	5.470589065551757812e+01	5.470589065551757812e+01	5.470589065551757812e+01
4.470000000000000000e+03	1.004640069066285113e+00	5.471189117431640625e+01	5.471189117431640625e+01	5.471189117431640625e+01
4.480000000000000000e+03	1.001185341562105258e+00	5.477474975585937500e+01	5.477474975585937500e+01	5.477474975585937500e+01
4.490000000000000000e+03	1.000418694195404967e+00	5.478873825073242188e+01	5.478873825073242188e+01	5.478873825073242188e+01
4.500000000000000000e+03	1.001497663572934460e+00	5.476905441284179688e+01	5.476905441284179688e+01	5.476905441284179688e+01
4.510000000000000000e+03	9.965127446727607419e-01	5.486022949218750000e+01	5.486022949218750000e+01	5.486022949218750000e+01
4.520000000000000000e+03	1.008316515937325519e+00	5.464531707763671875e+01	5.464531707763671875e+01	5.464531707763671875e+01
4.530000000000000000e+03	1.004354809104849755e+00	5.471707153320312500e+01	5.471707153320312500e+01	5.471707153320312500e+01
4.540000000000000000e+03	1.007568798310333635e+00	5.465882873535156250e+01	5.465882873535156250e+01	5.465882873535156250e+01
4.550000000000000000e+03	1.009403889331812687e+00	5.462568664550781250e+01	5.462568664550781250e+01	5.462568664550781250e+01
4.560000000000000000e+03	1.004918682049950940e+00	5.470683670043945312e+01	5.470683670043945312e+01	5.470683670043945312e+01
4.570000000000000000e+03	1.004013132118485307e+00	5.472327804565429688e+01	5.472327804565429688e+01	5.472327804565429688e+01
4.580000000000000000e+03	1.000235006515777458e+00	5.479209136962890625e+01	5.479209136962890625e+01	5.479209136962890625e+01
4.590000000000000000e+03	1.008199605880162553e+00	5.464742660522460938e+01	5.464742660522460938e+01	5.464742660522460938e+01
4.600000000000000000e+03	1.007177822221772878e+00	5.466590118408203125e+01	5.466590118408203125e+01	5.466590118408203125e+01
4.610000000000000000e+03	1.006921929559027262e+00	5.467053222656250000e+01	5.467053222656250000e+01	5.467053222656250000e+01
4.620000000000000000e+03	1.000453006510356957e+00	5.478811264038085938e+01	5.478811264038085938e+01	5.478811264038085938e+01
4.630000000000000000e+03	1.011092455869741391e+00	5.459526062011718750e+01	5.459526062011718750e+01	5.459526062011718750e+01
4.640000000000000000e+03	1.009684570332856524e+00	5.462062454223632812e+01	5.462062454223632812e+01	5.462062454223632812e+01
4.650000000000000000e+03	1.010741135195935891e+00	5.460158538818359375e+01	5.460158538818359375e+01	5.460158538818359375e+01
4.660000000000000000e+03	1.009651558020637774e+00	5.462121963500976562e+01	5.462121963500976562e+01	5.462121963500976562e+01
4.670000000000000000e+03	1.001653611823344114e+00	5.476621246337890625e+01	5.476621246337890625e+01	5.476621246337890625e+01
4.680000000000000000e+03	1.005750453802749078e+00	5.469174957275390625e+01	5.469174957275390625e+01	5.469174957275390625e+01
4.690000000000000000e+03	1.011882556985295167e+00	5.458104705810546875e+01	5.458104705810546875e+01	5.458104705810546875e+01
4.700000000000000000e+03	1.002059667015478661e+00	5.475881576538085938e+01	5.475881576538085938e+01	5.475881576538085938e+01
4.710000000000000000e+03	1.013012721205710287e+00	5.456074142456054688e+01	5.456074142456054688e+01	5.456074142456054688e+01
4.720000000000000000e+03	1.002840961507474926e+00	5.474459075927734375e+01	5.474459075927734375e+01	5.474459075927734375e+01
4.730000000000000000e+03	1.006321473191747584e+00	5.468140411376953125e+01	5.468140411376953125e+01	5.468140411376953125e+01
4.740000000000000000e+03	1.001169064263150554e+00	5.477504730224609375e+01	5.477504730224609375e+01	5.477504730224609375e+01
4.750000000000000000e+03	1.005274795196716253e+00	5.470037460327148438e+01	5.470037460327148438e+01	5.470037460327148438e+01
4.760000000000000000e+03	1.002560062982293720e+00	5.474970245361328125e+01	5.474970245361328125e+01	5.474970245361328125e+01
4.770000000000000000e+03	9.962142676866136970e-01	5.486570739746093750e+01	5.486570739746093750e+01	5.486570739746093750e+01
4.780000000000000000e+03	1.003849558065873726e+00	5.472624969482421875e+01	5.472624969482421875e+01	5.472624969482421875e+01
4.790000000000000000e+03	1.004373968285509955e+00	5.471672439575195312e+01	5.471672439575195312e+01	5.471672439575195312e+01
4.800000000000000000e+03	1.010556256164233835e+00	5.460491561889648438e+01	5.460491561889648438e+01	5.460491561889648438e+01
4.810000000000000000e+03	9.989694639998681902e-01	5.481521987915039062e+01	5.481521987915039062e+01	5.481521987915039062e+01
4.820000000000000000e+03	1.005374517554963543e+00	5.469856643676757812e+01	5.469856643676757812e+01	5.469856643676757812e+01
4.830000000000000000e+03	1.005384980431237807e+00	5.469837570190429688e+01	5.469837570190429688e+01	5.469837570190429688e+01
4.840000000000000000e+03	9.993119837320030285e-01	5.480895614624023438e+01	5.480895614624023438e+01	5.480895614624023438e+01
4.850000000000000000e+03	1.001251693689184208e+00	5.477354049682617188e+01	5.477354049682617188e+01	5.477354049682617188e+01
4.860000000000000000e+03	1.001747375623089242e+00	5.476450347900390625e+01	5.476450347900390625e+01	5.476450347900390625e+01
4.870000000000000000e+03	1.005325085809322561e+00	5.469946289062500000e+01	5.469946289062500000e+01	5.469946289062500000e+01
4.880000000000000000e+03	1.003418529293436556e+00	5.473408508300781250e+01	5.473408508300781250e+01	5.473408508300781250e+01
4.890000000000000000e+03	1.001830767732075023e+00	5.476298522949218750e+01	5.476298522949218750e+01	5.476298522949218750e+01
4.900000000000000000e+03	1.008015365878168978e+00	5.465075683593750000e+01	5.465075683593750000e+01	5.465075683593750000e+01
4.910000000000000000e+03	1.000500439319782275e+00	5.478724670410156250e+01	5.478724670410156250e+01	5.478724670410156250e+01
4.920000000000000000e+03	1.003766499317981120e+00	5.472776031494140625e+01	5.472776031494140625e+01	5.472776031494140625e+01
4.930000000000000000e+03	1.005759963881233121e+00	5.469157791137695312e+01	5.469157791137695312e+01	5.469157791137695312e+01
4.940000000000000000e+03	1.003370723792708974e+00	5.473495483398437500e+01	5.473495483398437500e+01	5.473495483398437500e+01
4.950000000000000000e+03	1.005692340564025233e+00	5.469280242919921875e+01	5.469280242919921875e+01	5.469280242919921875e+01
4.960000000000000000e+03	1.005138057046512046e+00	5.470285415649414062e+01	5.470285415649414062e+01	5.470285415649414062e+01
4.970000000000000000e+03	1.004199646676547930e+00	5.471989059448242188e+01	5.471989059448242188e+01	5.471989059448242188e+01
4.980000000000000000e+03	1.002913741992174979e+00	5.474326705932617188e+01	5.474326705932617188e+01	5.474326705932617188e+01
4.990000000000000000e+03	1.010894541069388364e+00	5.459882354736328125e+01	5.459882354736328125e+01	5.459882354736328125e+01
5.000000000000000000e+03	1.005727111645309479e+00	5.469217300415039062e+01	5.469217300415039062e+01	5.469217300415039062e+01
