# H-bond lifetime (ps)
6.754583368035170565e+00
3.102128611653630630e-01
1.007968862355082074e+01
2.450239009652075695e-01
6.515548947932710000e-01
8.471023465934285568e+00
9.615655217535011845e-01
2.345197556866149391e+00
2.194263017042321628e+00
6.604312599053958621e+00
1.007587691075080727e+00
2.626203307464546555e+00
8.170689488874200990e+00
1.118419988449606883e+00
2.143406483385196792e-01
2.549122748704588215e+00
6.717702653169272953e-01
1.310895146819603507e+00
1.635367714524037230e-02
5.079071733005388722e+00
1.737554708861785091e+00
7.376874725481409323e-01
4.612048436008734598e+00
1.813094758893554648e+00
4.071289547490599681e+00
1.142486087838509468e+00
2.673365288029488696e+00
3.632261655637810671e-01
6.298135019868297269e-01
