# r (Å)	Density (normalized)
1.000000000000000056e-01 2.984155182973040255e+01
3.000000000000000444e-01 0.000000000000000000e+00
5.000000000000000000e-01 0.000000000000000000e+00
7.000000000000000666e-01 0.000000000000000000e+00
9.000000000000000222e-01 0.000000000000000000e+00
1.100000000000000089e+00 0.000000000000000000e+00
1.300000000000000266e+00 0.000000000000000000e+00
1.500000000000000000e+00 0.000000000000000000e+00
1.700000000000000178e+00 0.000000000000000000e+00
1.899999999999999911e+00 0.000000000000000000e+00
2.100000000000000089e+00 0.000000000000000000e+00
2.300000000000000266e+00 0.000000000000000000e+00
2.500000000000000000e+00 7.380852904581513239e-03
2.700000000000000178e+00 8.903366103495417849e-02
2.900000000000000355e+00 6.677697493435709453e-02
3.100000000000000089e+00 2.988294094461206585e-02
3.300000000000000266e+00 2.330343949494245032e-02
3.500000000000000000e+00 2.630212946907682994e-02
3.700000000000000178e+00 2.928946859237408981e-02
3.900000000000000355e+00 3.211693746442503827e-02
4.099999999999999645e+00 3.336763527352878955e-02
4.300000000000000711e+00 3.463943651468336798e-02
4.500000000000000000e+00 3.587272787431710491e-02
4.700000000000001066e+00 3.284911921389745831e-02
4.900000000000000355e+00 3.121681490683633764e-02
5.099999999999999645e+00 3.059103211658675131e-02
5.300000000000000711e+00 2.855271404306425342e-02
5.500000000000000000e+00 2.682977775788890698e-02
5.700000000000001066e+00 2.725781467910533967e-02
5.900000000000000355e+00 2.802431447204105711e-02
6.099999999999999645e+00 3.017300582712254334e-02
6.300000000000000711e+00 2.973128744608000834e-02
6.500000000000000000e+00 3.013346981859801182e-02
6.700000000000001066e+00 3.153437523319892188e-02
6.900000000000000355e+00 3.172179522421080672e-02
7.099999999999999645e+00 3.128587978128830049e-02
7.300000000000000711e+00 3.005806546572291349e-02
7.500000000000000000e+00 2.875936234645260284e-02
7.700000000000001066e+00 2.837195438185292559e-02
7.900000000000000355e+00 2.805016621465800455e-02
8.100000000000001421e+00 2.854989352049786683e-02
8.300000000000000711e+00 2.835727104392810061e-02
8.500000000000000000e+00 2.811791172589108573e-02
8.699999999999999289e+00 2.873241541330019688e-02
8.900000000000000355e+00 2.906298920835224259e-02
9.100000000000001421e+00 2.821278253810594397e-02
9.300000000000000711e+00 2.692041950170844661e-02
9.500000000000000000e+00 2.760641122141679546e-02
9.700000000000001066e+00 2.834883994140756369e-02
9.900000000000000355e+00 2.777525474343845238e-02
