# Time(ps) Density(g/cm³) Box_X(nm) Box_Y(nm) Box_Z(nm)
0.000000000000000000e+00	9.998021392368807714e-01	5.479999923706054688e+01	5.479999923706054688e+01	5.479999923706054688e+01
1.000000000000000000e+01	1.007250173759801637e+00	5.466459274291992188e+01	5.466459274291992188e+01	5.466459274291992188e+01
2.000000000000000000e+01	9.988516793564705676e-01	5.481737518310546875e+01	5.481737518310546875e+01	5.481737518310546875e+01
3.000000000000000000e+01	1.004588888575237204e+00	5.471282196044921875e+01	5.471282196044921875e+01	5.471282196044921875e+01
4.000000000000000000e+01	9.983767481302954216e-01	5.482606506347656250e+01	5.482606506347656250e+01	5.482606506347656250e+01
5.000000000000000000e+01	1.004273678076775811e+00	5.471854400634765625e+01	5.471854400634765625e+01	5.471854400634765625e+01
6.000000000000000000e+01	1.000168599071461051e+00	5.479330444335937500e+01	5.479330444335937500e+01	5.479330444335937500e+01
7.000000000000000000e+01	1.006058902544929801e+00	5.468616104125976562e+01	5.468616104125976562e+01	5.468616104125976562e+01
8.000000000000000000e+01	1.005558753609510303e+00	5.469522476196289062e+01	5.469522476196289062e+01	5.469522476196289062e+01
9.000000000000000000e+01	1.004661731294159033e+00	5.471149826049804688e+01	5.471149826049804688e+01	5.471149826049804688e+01
1.000000000000000000e+02	1.008941783390181701e+00	5.463402557373046875e+01	5.463402557373046875e+01	5.463402557373046875e+01
1.100000000000000000e+02	9.992074870032782163e-01	5.481086730957031250e+01	5.481086730957031250e+01	5.481086730957031250e+01
1.200000000000000000e+02	9.936994173793094465e-01	5.491195297241210938e+01	5.491195297241210938e+01	5.491195297241210938e+01
1.300000000000000000e+02	1.008535445239473693e+00	5.464136123657226562e+01	5.464136123657226562e+01	5.464136123657226562e+01
1.400000000000000000e+02	1.004873802073265932e+00	5.470764923095703125e+01	5.470764923095703125e+01	5.470764923095703125e+01
1.500000000000000000e+02	1.006366963468362963e+00	5.468058013916015625e+01	5.468058013916015625e+01	5.468058013916015625e+01
1.600000000000000000e+02	1.007552891216847879e+00	5.465911865234375000e+01	5.465911865234375000e+01	5.465911865234375000e+01
1.700000000000000000e+02	1.011680833687960357e+00	5.458467483520507812e+01	5.458467483520507812e+01	5.458467483520507812e+01
1.800000000000000000e+02	1.002102960855278058e+00	5.475802612304687500e+01	5.475802612304687500e+01	5.475802612304687500e+01
1.900000000000000000e+02	9.984955569402825803e-01	5.482389068603515625e+01	5.482389068603515625e+01	5.482389068603515625e+01
2.000000000000000000e+02	9.946980630920012612e-01	5.489356994628906250e+01	5.489356994628906250e+01	5.489356994628906250e+01
2.100000000000000000e+02	1.004141808262219326e+00	5.472093963623046875e+01	5.472093963623046875e+01	5.472093963623046875e+01
2.200000000000000000e+02	1.008367304474707238e+00	5.464439773559570312e+01	5.464439773559570312e+01	5.464439773559570312e+01
2.300000000000000000e+02	1.007088721762053218e+00	5.466751480102539062e+01	5.466751480102539062e+01	5.466751480102539062e+01
2.400000000000000000e+02	1.006158876675581793e+00	5.468434906005859375e+01	5.468434906005859375e+01	5.468434906005859375e+01
2.500000000000000000e+02	9.999134067522522651e-01	5.479796600341796875e+01	5.479796600341796875e+01	5.479796600341796875e+01
2.600000000000000000e+02	9.973409498846180776e-01	5.484503936767578125e+01	5.484503936767578125e+01	5.484503936767578125e+01
2.700000000000000000e+02	1.007882222261683003e+00	5.465316390991210938e+01	5.465316390991210938e+01	5.465316390991210938e+01
2.800000000000000000e+02	1.009166497002516261e+00	5.462997055053710938e+01	5.462997055053710938e+01	5.462997055053710938e+01
2.900000000000000000e+02	1.003872047533845180e+00	5.472584152221679688e+01	5.472584152221679688e+01	5.472584152221679688e+01
3.000000000000000000e+02	1.000320047520689037e+00	5.479053878784179688e+01	5.479053878784179688e+01	5.479053878784179688e+01
3.100000000000000000e+02	1.007625585910661759e+00	5.465780258178710938e+01	5.465780258178710938e+01	5.465780258178710938e+01
3.200000000000000000e+02	1.004321378085176741e+00	5.471767807006835938e+01	5.471767807006835938e+01	5.471767807006835938e+01
3.300000000000000000e+02	1.004957523727160629e+00	5.470613098144531250e+01	5.470613098144531250e+01	5.470613098144531250e+01
3.400000000000000000e+02	1.004382781754073806e+00	5.471656417846679688e+01	5.471656417846679688e+01	5.471656417846679688e+01
3.500000000000000000e+02	1.005624054084776953e+00	5.469404220581054688e+01	5.469404220581054688e+01	5.469404220581054688e+01
3.600000000000000000e+02	1.002434559288073013e+00	5.475198745727539062e+01	5.475198745727539062e+01	5.475198745727539062e+01
3.700000000000000000e+02	1.011344256448884371e+00	5.459072875976562500e+01	5.459072875976562500e+01	5.459072875976562500e+01
3.800000000000000000e+02	1.012827205139378739e+00	5.456407165527343750e+01	5.456407165527343750e+01	5.456407165527343750e+01
3.900000000000000000e+02	9.953829450571247683e-01	5.488097763061523438e+01	5.488097763061523438e+01	5.488097763061523438e+01
4.000000000000000000e+02	9.989308942881530706e-01	5.481592559814453125e+01	5.481592559814453125e+01	5.481592559814453125e+01
4.100000000000000000e+02	1.003291185534972874e+00	5.473640060424804688e+01	5.473640060424804688e+01	5.473640060424804688e+01
4.200000000000000000e+02	1.001448136111077192e+00	5.476995849609375000e+01	5.476995849609375000e+01	5.476995849609375000e+01
4.300000000000000000e+02	9.999522422864591809e-01	5.479725646972656250e+01	5.479725646972656250e+01	5.479725646972656250e+01
4.400000000000000000e+02	1.014387694268225060e+00	5.453607940673828125e+01	5.453607940673828125e+01	5.453607940673828125e+01
4.500000000000000000e+02	1.002655237681108868e+00	5.474797058105468750e+01	5.474797058105468750e+01	5.474797058105468750e+01
4.600000000000000000e+02	1.005833168687150891e+00	5.469025039672851562e+01	5.469025039672851562e+01	5.469025039672851562e+01
4.700000000000000000e+02	1.007470953541460990e+00	5.466059875488281250e+01	5.466059875488281250e+01	5.466059875488281250e+01
4.800000000000000000e+02	1.002626024668105353e+00	5.474850082397460938e+01	5.474850082397460938e+01	5.474850082397460938e+01
4.900000000000000000e+02	1.006676752907475381e+00	5.467496871948242188e+01	5.467496871948242188e+01	5.467496871948242188e+01
5.000000000000000000e+02	9.966538434084544207e-01	5.485763931274414062e+01	5.485763931274414062e+01	5.485763931274414062e+01
5.100000000000000000e+02	1.005266158002382504e+00	5.470053100585937500e+01	5.470053100585937500e+01	5.470053100585937500e+01
5.200000000000000000e+02	9.981044938876529882e-01	5.483105087280273438e+01	5.483105087280273438e+01	5.483105087280273438e+01
5.300000000000000000e+02	9.979605250985854603e-01	5.483368682861328125e+01	5.483368682861328125e+01	5.483368682861328125e+01
5.400000000000000000e+02	1.010113054863484905e+00	5.461289978027343750e+01	5.461289978027343750e+01	5.461289978027343750e+01
5.500000000000000000e+02	1.006187911347752095e+00	5.468382263183593750e+01	5.468382263183593750e+01	5.468382263183593750e+01
5.600000000000000000e+02	1.005737677919803730e+00	5.469198226928710938e+01	5.469198226928710938e+01	5.469198226928710938e+01
5.700000000000000000e+02	1.004687037026547491e+00	5.471104049682617188e+01	5.471104049682617188e+01	5.471104049682617188e+01
5.800000000000000000e+02	1.008460301311107532e+00	5.464271926879882812e+01	5.464271926879882812e+01	5.464271926879882812e+01
5.900000000000000000e+02	9.988372779913909927e-01	5.481763839721679688e+01	5.481763839721679688e+01	5.481763839721679688e+01
6.000000000000000000e+02	1.007807947269577342e+00	5.465450668334960938e+01	5.465450668334960938e+01	5.465450668334960938e+01
6.100000000000000000e+02	9.997889444762038114e-01	5.480023956298828125e+01	5.480023956298828125e+01	5.480023956298828125e+01
6.200000000000000000e+02	1.008091215575883659e+00	5.464938735961914062e+01	5.464938735961914062e+01	5.464938735961914062e+01
6.300000000000000000e+02	1.005603214629377407e+00	5.469441986083984375e+01	5.469441986083984375e+01	5.469441986083984375e+01
6.400000000000000000e+02	1.000657598574392848e+00	5.478437805175781250e+01	5.478437805175781250e+01	5.478437805175781250e+01
6.500000000000000000e+02	1.000606442713980027e+00	5.478531265258789062e+01	5.478531265258789062e+01	5.478531265258789062e+01
6.600000000000000000e+02	1.004476003233458759e+00	5.471487045288085938e+01	5.471487045288085938e+01	5.471487045288085938e+01
6.700000000000000000e+02	9.993825456076802505e-01	5.480766677856445312e+01	5.480766677856445312e+01	5.480766677856445312e+01
6.800000000000000000e+02	1.012988553498909372e+00	5.456117630004882812e+01	5.456117630004882812e+01	5.456117630004882812e+01
6.900000000000000000e+02	1.009390536677229333e+00	5.462592697143554688e+01	5.462592697143554688e+01	5.462592697143554688e+01
7.000000000000000000e+02	1.002627170244389410e+00	5.474848175048828125e+01	5.474848175048828125e+01	5.474848175048828125e+01
7.100000000000000000e+02	1.014809324948351632e+00	5.452852630615234375e+01	5.452852630615234375e+01	5.452852630615234375e+01
7.200000000000000000e+02	9.972515035279824192e-01	5.484667968750000000e+01	5.484667968750000000e+01	5.484667968750000000e+01
7.300000000000000000e+02	1.007328991923726713e+00	5.466316604614257812e+01	5.466316604614257812e+01	5.466316604614257812e+01
7.400000000000000000e+02	1.002147784410437170e+00	5.475720977783203125e+01	5.475720977783203125e+01	5.475720977783203125e+01
7.500000000000000000e+02	9.962547015052719557e-01	5.486496353149414062e+01	5.486496353149414062e+01	5.486496353149414062e+01
7.600000000000000000e+02	1.007363490795518679e+00	5.466254425048828125e+01	5.466254425048828125e+01	5.466254425048828125e+01
7.700000000000000000e+02	1.001136606434164245e+00	5.477563858032226562e+01	5.477563858032226562e+01	5.477563858032226562e+01
7.800000000000000000e+02	1.003683549979613954e+00	5.472926712036132812e+01	5.472926712036132812e+01	5.472926712036132812e+01
7.900000000000000000e+02	1.006101773633121477e+00	5.468538284301757812e+01	5.468538284301757812e+01	5.468538284301757812e+01
8.000000000000000000e+02	1.009767739949688048e+00	5.461912536621093750e+01	5.461912536621093750e+01	5.461912536621093750e+01
8.100000000000000000e+02	1.005465331059521183e+00	5.469691848754882812e+01	5.469691848754882812e+01	5.469691848754882812e+01
8.200000000000000000e+02	1.017375287278198703e+00	5.448264312744140625e+01	5.448264312744140625e+01	5.448264312744140625e+01
8.300000000000000000e+02	1.015081082580823857e+00	5.452365875244140625e+01	5.452365875244140625e+01	5.452365875244140625e+01
8.400000000000000000e+02	1.000513747929994590e+00	5.478700256347656250e+01	5.478700256347656250e+01	5.478700256347656250e+01
8.500000000000000000e+02	1.008747318678914873e+00	5.463753509521484375e+01	5.463753509521484375e+01	5.463753509521484375e+01
8.600000000000000000e+02	9.999071401760937228e-01	5.479808044433593750e+01	5.479808044433593750e+01	5.479808044433593750e+01
8.700000000000000000e+02	1.001837058442858197e+00	5.476287078857421875e+01	5.476287078857421875e+01	5.476287078857421875e+01
8.800000000000000000e+02	9.953754178924247853e-01	5.488111495971679688e+01	5.488111495971679688e+01	5.488111495971679688e+01
8.900000000000000000e+02	1.010253573105215796e+00	5.461036682128906250e+01	5.461036682128906250e+01	5.461036682128906250e+01
9.000000000000000000e+02	1.007836401979381291e+00	5.465399169921875000e+01	5.465399169921875000e+01	5.465399169921875000e+01
9.100000000000000000e+02	1.001009650863702749e+00	5.477795410156250000e+01	5.477795410156250000e+01	5.477795410156250000e+01
9.200000000000000000e+02	1.003917316624779010e+00	5.472501754760742188e+01	5.472501754760742188e+01	5.472501754760742188e+01
9.300000000000000000e+02	1.005000205081604925e+00	5.470535659790039062e+01	5.470535659790039062e+01	5.470535659790039062e+01
9.400000000000000000e+02	1.005933578434481168e+00	5.468843078613281250e+01	5.468843078613281250e+01	5.468843078613281250e+01
9.500000000000000000e+02	1.008572828202437321e+00	5.464068603515625000e+01	5.464068603515625000e+01	5.464068603515625000e+01
9.600000000000000000e+02	9.967064827142643191e-01	5.485667419433593750e+01	5.485667419433593750e+01	5.485667419433593750e+01
9.700000000000000000e+02	1.003870133497340777e+00	5.472587585449218750e+01	5.472587585449218750e+01	5.472587585449218750e+01
9.800000000000000000e+02	1.008061395439960206e+00	5.464992523193359375e+01	5.464992523193359375e+01	5.464992523193359375e+01
9.900000000000000000e+02	1.010307561885926519e+00	5.460939407348632812e+01	5.460939407348632812e+01	5.460939407348632812e+01
1.000000000000000000e+03	9.920182105103710901e-01	5.494295501708984375e+01	5.494295501708984375e+01	5.494295501708984375e+01
1.010000000000000000e+03	1.005535900446665076e+00	5.469564056396484375e+01	5.469564056396484375e+01	5.469564056396484375e+01
1.020000000000000000e+03	1.003008219557109282e+00	5.474154663085937500e+01	5.474154663085937500e+01	5.474154663085937500e+01
1.030000000000000000e+03	9.980167077130389641e-01	5.483265686035156250e+01	5.483265686035156250e+01	5.483265686035156250e+01
1.040000000000000000e+03	1.009534144622218577e+00	5.462333679199218750e+01	5.462333679199218750e+01	5.462333679199218750e+01
1.050000000000000000e+03	1.009750407781867754e+00	5.461943817138671875e+01	5.461943817138671875e+01	5.461943817138671875e+01
1.060000000000000000e+03	9.929625391427331360e-01	5.492553329467773438e+01	5.492553329467773438e+01	5.492553329467773438e+01
1.070000000000000000e+03	1.003496175133456125e+00	5.473267364501953125e+01	5.473267364501953125e+01	5.473267364501953125e+01
1.080000000000000000e+03	1.013237984604542730e+00	5.455669784545898438e+01	5.455669784545898438e+01	5.455669784545898438e+01
1.090000000000000000e+03	1.010330244710839320e+00	5.460898590087890625e+01	5.460898590087890625e+01	5.460898590087890625e+01
1.100000000000000000e+03	1.008255209594939972e+00	5.464642333984375000e+01	5.464642333984375000e+01	5.464642333984375000e+01
1.110000000000000000e+03	9.975643997326960610e-01	5.484094238281250000e+01	5.484094238281250000e+01	5.484094238281250000e+01
1.120000000000000000e+03	9.981424321318322912e-01	5.483035659790039062e+01	5.483035659790039062e+01	5.483035659790039062e+01
1.130000000000000000e+03	1.013062716936677710e+00	5.455984497070312500e+01	5.455984497070312500e+01	5.455984497070312500e+01
1.140000000000000000e+03	1.007740434048533418e+00	5.465572738647460938e+01	5.465572738647460938e+01	5.465572738647460938e+01
1.150000000000000000e+03	1.012572815675437665e+00	5.456864166259765625e+01	5.456864166259765625e+01	5.456864166259765625e+01
1.160000000000000000e+03	1.004182600888488208e+00	5.472019958496093750e+01	5.472019958496093750e+01	5.472019958496093750e+01
1.170000000000000000e+03	1.005918683856458218e+00	5.468870162963867188e+01	5.468870162963867188e+01	5.468870162963867188e+01
1.180000000000000000e+03	1.013112815074823647e+00	5.455894470214843750e+01	5.455894470214843750e+01	5.455894470214843750e+01
1.190000000000000000e+03	1.003459645667601929e+00	5.473333740234375000e+01	5.473333740234375000e+01	5.473333740234375000e+01
1.200000000000000000e+03	1.010376388985218199e+00	5.460815429687500000e+01	5.460815429687500000e+01	5.460815429687500000e+01
1.210000000000000000e+03	1.004448887698986326e+00	5.471536254882812500e+01	5.471536254882812500e+01	5.471536254882812500e+01
1.220000000000000000e+03	1.002829691983246674e+00	5.474479675292968750e+01	5.474479675292968750e+01	5.474479675292968750e+01
1.230000000000000000e+03	1.013049852066535861e+00	5.456007385253906250e+01	5.456007385253906250e+01	5.456007385253906250e+01
1.240000000000000000e+03	1.000930296196354652e+00	5.477940368652343750e+01	5.477940368652343750e+01	5.477940368652343750e+01
1.250000000000000000e+03	9.990049090637318496e-01	5.481457138061523438e+01	5.481457138061523438e+01	5.481457138061523438e+01
1.260000000000000000e+03	9.946980630920012612e-01	5.489356994628906250e+01	5.489356994628906250e+01	5.489356994628906250e+01
1.270000000000000000e+03	1.011885376820658600e+00	5.458099746704101562e+01	5.458099746704101562e+01	5.458099746704101562e+01
1.280000000000000000e+03	1.004364484399722590e+00	5.471689605712890625e+01	5.471689605712890625e+01	5.471689605712890625e+01
1.290000000000000000e+03	1.007899876240128556e+00	5.465284347534179688e+01	5.465284347534179688e+01	5.465284347534179688e+01
1.300000000000000000e+03	1.009836880886053168e+00	5.461787796020507812e+01	5.461787796020507812e+01	5.461787796020507812e+01
1.310000000000000000e+03	1.004985913617632454e+00	5.470561599731445312e+01	5.470561599731445312e+01	5.470561599731445312e+01
1.320000000000000000e+03	1.001410041396736172e+00	5.477065277099609375e+01	5.477065277099609375e+01	5.477065277099609375e+01
1.330000000000000000e+03	1.010620170487812386e+00	5.460376358032226562e+01	5.460376358032226562e+01	5.460376358032226562e+01
1.340000000000000000e+03	1.004194379657783243e+00	5.471998596191406250e+01	5.471998596191406250e+01	5.471998596191406250e+01
1.350000000000000000e+03	1.002689608111229314e+00	5.474734497070312500e+01	5.474734497070312500e+01	5.474734497070312500e+01
1.360000000000000000e+03	1.009560664304785416e+00	5.462285995483398438e+01	5.462285995483398438e+01	5.462285995483398438e+01
1.370000000000000000e+03	1.001172205455067576e+00	5.477499008178710938e+01	5.477499008178710938e+01	5.477499008178710938e+01
1.380000000000000000e+03	1.009446175068687168e+00	5.462492370605468750e+01	5.462492370605468750e+01	5.462492370605468750e+01
1.390000000000000000e+03	1.003361258843810777e+00	5.473512649536132812e+01	5.473512649536132812e+01	5.473512649536132812e+01
1.400000000000000000e+03	1.010059086868337008e+00	5.461387252807617188e+01	5.461387252807617188e+01	5.461387252807617188e+01
1.410000000000000000e+03	1.009708871097456440e+00	5.462018585205078125e+01	5.462018585205078125e+01	5.462018585205078125e+01
1.420000000000000000e+03	1.010382981368502797e+00	5.460803604125976562e+01	5.460803604125976562e+01	5.460803604125976562e+01
1.430000000000000000e+03	1.003067838423364666e+00	5.474046325683593750e+01	5.474046325683593750e+01	5.474046325683593750e+01
1.440000000000000000e+03	1.000371459207824554e+00	5.478960037231445312e+01	5.478960037231445312e+01	5.478960037231445312e+01
1.450000000000000000e+03	1.010213061077449348e+00	5.461109924316406250e+01	5.461109924316406250e+01	5.461109924316406250e+01
1.460000000000000000e+03	1.002894256417478980e+00	5.474362182617187500e+01	5.474362182617187500e+01	5.474362182617187500e+01
1.470000000000000000e+03	1.004767467875048892e+00	5.470957946777343750e+01	5.470957946777343750e+01	5.470957946777343750e+01
1.480000000000000000e+03	1.000794737295910286e+00	5.478187561035156250e+01	5.478187561035156250e+01	5.478187561035156250e+01
1.490000000000000000e+03	1.004977281386632448e+00	5.470577239990234375e+01	5.470577239990234375e+01	5.470577239990234375e+01
1.500000000000000000e+03	1.008546843368621104e+00	5.464115524291992188e+01	5.464115524291992188e+01	5.464115524291992188e+01
1.510000000000000000e+03	1.011473749988945903e+00	5.458839797973632812e+01	5.458839797973632812e+01	5.458839797973632812e+01
1.520000000000000000e+03	1.004357299757000277e+00	5.471702575683593750e+01	5.471702575683593750e+01	5.471702575683593750e+01
1.530000000000000000e+03	1.006336668217829633e+00	5.468112945556640625e+01	5.468112945556640625e+01	5.468112945556640625e+01
1.540000000000000000e+03	1.005560001921434354e+00	5.469520187377929688e+01	5.469520187377929688e+01	5.469520187377929688e+01
1.550000000000000000e+03	1.001496711075546608e+00	5.476907348632812500e+01	5.476907348632812500e+01	5.476907348632812500e+01
1.560000000000000000e+03	9.925269611975771067e-01	5.493356704711914062e+01	5.493356704711914062e+01	5.493356704711914062e+01
1.570000000000000000e+03	1.004974691746249205e+00	5.470581817626953125e+01	5.470581817626953125e+01	5.470581817626953125e+01
1.580000000000000000e+03	9.985570078084488044e-01	5.482276535034179688e+01	5.482276535034179688e+01	5.482276535034179688e+01
1.590000000000000000e+03	1.005886878201963874e+00	5.468927764892578125e+01	5.468927764892578125e+01	5.468927764892578125e+01
1.600000000000000000e+03	1.001600258148011235e+00	5.476718521118164062e+01	5.476718521118164062e+01	5.476718521118164062e+01
1.610000000000000000e+03	1.006236370294220306e+00	5.468294525146484375e+01	5.468294525146484375e+01	5.468294525146484375e+01
1.620000000000000000e+03	1.006372638019695565e+00	5.468047714233398438e+01	5.468047714233398438e+01	5.468047714233398438e+01
1.630000000000000000e+03	1.008233295593153445e+00	5.464682006835937500e+01	5.464682006835937500e+01	5.464682006835937500e+01
1.640000000000000000e+03	9.990967557038091806e-01	5.481289291381835938e+01	5.481289291381835938e+01	5.481289291381835938e+01
1.650000000000000000e+03	1.001027064902173302e+00	5.477763748168945312e+01	5.477763748168945312e+01	5.477763748168945312e+01
1.660000000000000000e+03	9.975486179590564717e-01	5.484123229980468750e+01	5.484123229980468750e+01	5.484123229980468750e+01
1.670000000000000000e+03	1.004758647653972714e+00	5.470973968505859375e+01	5.470973968505859375e+01	5.470973968505859375e+01
1.680000000000000000e+03	1.010338581389623958e+00	5.460883712768554688e+01	5.460883712768554688e+01	5.460883712768554688e+01
1.690000000000000000e+03	1.003312789631538804e+00	5.473600769042968750e+01	5.473600769042968750e+01	5.473600769042968750e+01
1.700000000000000000e+03	1.004923093546094437e+00	5.470675659179687500e+01	5.470675659179687500e+01	5.470675659179687500e+01
1.710000000000000000e+03	1.002560253886371378e+00	5.474969863891601562e+01	5.474969863891601562e+01	5.474969863891601562e+01
1.720000000000000000e+03	9.988590696918879797e-01	5.481723785400390625e+01	5.481723785400390625e+01	5.481723785400390625e+01
1.730000000000000000e+03	9.913759349940565180e-01	5.495481872558593750e+01	5.495481872558593750e+01	5.495481872558593750e+01
1.740000000000000000e+03	9.964193924745928799e-01	5.486194229125976562e+01	5.486194229125976562e+01	5.486194229125976562e+01
1.750000000000000000e+03	1.008212540919161126e+00	5.464719390869140625e+01	5.464719390869140625e+01	5.464719390869140625e+01
1.760000000000000000e+03	9.990339114414659161e-01	5.481404113769531250e+01	5.481404113769531250e+01	5.481404113769531250e+01
1.770000000000000000e+03	1.000737385532600054e+00	5.478292083740234375e+01	5.478292083740234375e+01	5.478292083740234375e+01
1.780000000000000000e+03	1.009675857196185023e+00	5.462078094482421875e+01	5.462078094482421875e+01	5.462078094482421875e+01
1.790000000000000000e+03	1.011237034085045616e+00	5.459265899658203125e+01	5.459265899658203125e+01	5.459265899658203125e+01
1.800000000000000000e+03	1.003965844264459450e+00	5.472413635253906250e+01	5.472413635253906250e+01	5.472413635253906250e+01
1.810000000000000000e+03	1.008649534740799103e+00	5.463930130004882812e+01	5.463930130004882812e+01	5.463930130004882812e+01
1.820000000000000000e+03	9.980184103152585084e-01	5.483262634277343750e+01	5.483262634277343750e+01	5.483262634277343750e+01
1.830000000000000000e+03	1.000501294862647050e+00	5.478723144531250000e+01	5.478723144531250000e+01	5.478723144531250000e+01
1.840000000000000000e+03	1.004803229705908629e+00	5.470893096923828125e+01	5.470893096923828125e+01	5.470893096923828125e+01
1.850000000000000000e+03	1.005029556611052310e+00	5.470482254028320312e+01	5.470482254028320312e+01	5.470482254028320312e+01
1.860000000000000000e+03	9.926344630669522440e-01	5.493158340454101562e+01	5.493158340454101562e+01	5.493158340454101562e+01
1.870000000000000000e+03	9.994875532957258057e-01	5.480574798583984375e+01	5.480574798583984375e+01	5.480574798583984375e+01
1.880000000000000000e+03	9.995405872435867423e-01	5.480477905273437500e+01	5.480477905273437500e+01	5.480477905273437500e+01
1.890000000000000000e+03	9.955213710926603676e-01	5.487843322753906250e+01	5.487843322753906250e+01	5.487843322753906250e+01
1.900000000000000000e+03	1.007768016928798804e+00	5.465522766113281250e+01	5.465522766113281250e+01	5.465522766113281250e+01
1.910000000000000000e+03	1.003064494228824932e+00	5.474052429199218750e+01	5.474052429199218750e+01	5.474052429199218750e+01
1.920000000000000000e+03	1.008116115293339998e+00	5.464893722534179688e+01	5.464893722534179688e+01	5.464893722534179688e+01
1.930000000000000000e+03	9.986246219706211846e-01	5.482152938842773438e+01	5.482152938842773438e+01	5.482152938842773438e+01
1.940000000000000000e+03	1.011851539833529712e+00	5.458160400390625000e+01	5.458160400390625000e+01	5.458160400390625000e+01
1.950000000000000000e+03	9.993818816726286469e-01	5.480767822265625000e+01	5.480767822265625000e+01	5.480767822265625000e+01
1.960000000000000000e+03	1.001262737364563948e+00	5.477333831787109375e+01	5.477333831787109375e+01	5.477333831787109375e+01
1.970000000000000000e+03	1.004199646676547930e+00	5.471989059448242188e+01	5.471989059448242188e+01	5.471989059448242188e+01
1.980000000000000000e+03	1.001080167186243708e+00	5.477666854858398438e+01	5.477666854858398438e+01	5.477666854858398438e+01
1.990000000000000000e+03	1.001715356742241436e+00	5.476508712768554688e+01	5.476508712768554688e+01	5.476508712768554688e+01
2.000000000000000000e+03	1.003436792197182736e+00	5.473375320434570312e+01	5.473375320434570312e+01	5.473375320434570312e+01
2.010000000000000000e+03	9.979226006810371086e-01	5.483438110351562500e+01	5.483438110351562500e+01	5.483438110351562500e+01
2.020000000000000000e+03	9.940831878627193197e-01	5.490488433837890625e+01	5.490488433837890625e+01	5.490488433837890625e+01
2.030000000000000000e+03	1.012948211589795866e+00	5.456190109252929688e+01	5.456190109252929688e+01	5.456190109252929688e+01
2.040000000000000000e+03	1.005007111169589962e+00	5.470523071289062500e+01	5.470523071289062500e+01	5.470523071289062500e+01
2.050000000000000000e+03	1.010782271733941418e+00	5.460084533691406250e+01	5.460084533691406250e+01	5.460084533691406250e+01
2.060000000000000000e+03	1.003155464266561880e+00	5.473886871337890625e+01	5.473886871337890625e+01	5.473886871337890625e+01
2.070000000000000000e+03	1.008578914063354315e+00	5.464057540893554688e+01	5.464057540893554688e+01	5.464057540893554688e+01
2.080000000000000000e+03	1.011678500973344219e+00	5.458471679687500000e+01	5.458471679687500000e+01	5.458471679687500000e+01
2.090000000000000000e+03	1.001159831176787973e+00	5.477521514892578125e+01	5.477521514892578125e+01	5.477521514892578125e+01
2.100000000000000000e+03	1.004831131454337445e+00	5.470842361450195312e+01	5.470842361450195312e+01	5.470842361450195312e+01
2.110000000000000000e+03	1.003356000616026256e+00	5.473522186279296875e+01	5.473522186279296875e+01	5.473522186279296875e+01
2.120000000000000000e+03	1.003175246700382495e+00	5.473851013183593750e+01	5.473851013183593750e+01	5.473851013183593750e+01
2.130000000000000000e+03	9.992487331011822294e-01	5.481011199951171875e+01	5.481011199951171875e+01	5.481011199951171875e+01
2.140000000000000000e+03	1.013702571459406787e+00	5.454836273193359375e+01	5.454836273193359375e+01	5.454836273193359375e+01
2.150000000000000000e+03	1.006285026233798341e+00	5.468206405639648438e+01	5.468206405639648438e+01	5.468206405639648438e+01
2.160000000000000000e+03	1.007636095693118961e+00	5.465761184692382812e+01	5.465761184692382812e+01	5.465761184692382812e+01
2.170000000000000000e+03	1.005599661444369186e+00	5.469448471069335938e+01	5.469448471069335938e+01	5.469448471069335938e+01
2.180000000000000000e+03	1.011138281426179342e+00	5.459443664550781250e+01	5.459443664550781250e+01	5.459443664550781250e+01
2.190000000000000000e+03	1.005527450800757894e+00	5.469579315185546875e+01	5.469579315185546875e+01	5.469579315185546875e+01
2.200000000000000000e+03	1.002903808075170433e+00	5.474344635009765625e+01	5.474344635009765625e+01	5.474344635009765625e+01
2.210000000000000000e+03	1.006023916292686504e+00	5.468679428100585938e+01	5.468679428100585938e+01	5.468679428100585938e+01
2.220000000000000000e+03	1.005753047442681458e+00	5.469170379638671875e+01	5.469170379638671875e+01	5.469170379638671875e+01
2.230000000000000000e+03	1.003807931283988930e+00	5.472700500488281250e+01	5.472700500488281250e+01	5.472700500488281250e+01
2.240000000000000000e+03	1.011390299114963698e+00	5.458990097045898438e+01	5.458990097045898438e+01	5.458990097045898438e+01
2.250000000000000000e+03	1.007782966323500284e+00	5.465495681762695312e+01	5.465495681762695312e+01	5.465495681762695312e+01
2.260000000000000000e+03	1.001997879644586087e+00	5.475994110107421875e+01	5.475994110107421875e+01	5.475994110107421875e+01
2.270000000000000000e+03	1.004826049577185243e+00	5.470851516723632812e+01	5.470851516723632812e+01	5.470851516723632812e+01
2.280000000000000000e+03	1.004287183041009612e+00	5.471829986572265625e+01	5.471829986572265625e+01	5.471829986572265625e+01
2.290000000000000000e+03	1.000581532274214203e+00	5.478576660156250000e+01	5.478576660156250000e+01	5.478576660156250000e+01
2.300000000000000000e+03	1.003802764062289077e+00	5.472710037231445312e+01	5.472710037231445312e+01	5.472710037231445312e+01
2.310000000000000000e+03	1.005257424990123827e+00	5.470069122314453125e+01	5.470069122314453125e+01	5.470069122314453125e+01
2.320000000000000000e+03	1.008990991366437218e+00	5.463313674926757812e+01	5.463313674926757812e+01	5.463313674926757812e+01
2.330000000000000000e+03	9.980613556479389636e-01	5.483184051513671875e+01	5.483184051513671875e+01	5.483184051513671875e+01
2.340000000000000000e+03	1.005433650066771989e+00	5.469749450683593750e+01	5.469749450683593750e+01	5.469749450683593750e+01
2.350000000000000000e+03	9.981298488035174055e-01	5.483058547973632812e+01	5.483058547973632812e+01	5.483058547973632812e+01
2.360000000000000000e+03	1.001137748609427724e+00	5.477561950683593750e+01	5.477561950683593750e+01	5.477561950683593750e+01
2.370000000000000000e+03	1.000577348963219704e+00	5.478584289550781250e+01	5.478584289550781250e+01	5.478584289550781250e+01
2.380000000000000000e+03	1.007130621095633449e+00	5.466675567626953125e+01	5.466675567626953125e+01	5.466675567626953125e+01
2.390000000000000000e+03	1.008065641565185411e+00	5.464984893798828125e+01	5.464984893798828125e+01	5.464984893798828125e+01
2.400000000000000000e+03	9.967434656235935053e-01	5.485599517822265625e+01	5.485599517822265625e+01	5.485599517822265625e+01
2.410000000000000000e+03	1.006137822779319624e+00	5.468473052978515625e+01	5.468473052978515625e+01	5.468473052978515625e+01
2.420000000000000000e+03	1.009302398668046941e+00	5.462751770019531250e+01	5.462751770019531250e+01	5.462751770019531250e+01
2.430000000000000000e+03	1.008258781570983365e+00	5.464635848999023438e+01	5.464635848999023438e+01	5.464635848999023438e+01
2.440000000000000000e+03	1.009824872537039342e+00	5.461809539794921875e+01	5.461809539794921875e+01	5.461809539794921875e+01
2.450000000000000000e+03	1.004648120404734835e+00	5.471174621582031250e+01	5.471174621582031250e+01	5.471174621582031250e+01
2.460000000000000000e+03	1.003870994812864570e+00	5.472586059570312500e+01	5.472586059570312500e+01	5.472586059570312500e+01
2.470000000000000000e+03	1.005936173018988189e+00	5.468838500976562500e+01	5.468838500976562500e+01	5.468838500976562500e+01
2.480000000000000000e+03	9.968844409594628253e-01	5.485340881347656250e+01	5.485340881347656250e+01	5.485340881347656250e+01
2.490000000000000000e+03	1.005995659942229281e+00	5.468730545043945312e+01	5.468730545043945312e+01	5.468730545043945312e+01
2.500000000000000000e+03	1.008577465042188592e+00	5.464060211181640625e+01	5.464060211181640625e+01	5.464060211181640625e+01
2.510000000000000000e+03	9.970500954615545419e-01	5.485037231445312500e+01	5.485037231445312500e+01	5.485037231445312500e+01
2.520000000000000000e+03	9.915379897485518956e-01	5.495182418823242188e+01	5.495182418823242188e+01	5.495182418823242188e+01
2.530000000000000000e+03	1.013201034929558597e+00	5.455736160278320312e+01	5.455736160278320312e+01	5.455736160278320312e+01
2.540000000000000000e+03	9.970193201485192391e-01	5.485093688964843750e+01	5.485093688964843750e+01	5.485093688964843750e+01
2.550000000000000000e+03	1.001821903682786674e+00	5.476314544677734375e+01	5.476314544677734375e+01	5.476314544677734375e+01
2.560000000000000000e+03	1.000039609525874340e+00	5.479566192626953125e+01	5.479566192626953125e+01	5.479566192626953125e+01
2.570000000000000000e+03	1.016007599068836420e+00	5.450708007812500000e+01	5.450708007812500000e+01	5.450708007812500000e+01
2.580000000000000000e+03	1.003766020908787526e+00	5.472776794433593750e+01	5.472776794433593750e+01	5.472776794433593750e+01
2.590000000000000000e+03	1.004164502342455245e+00	5.472052764892578125e+01	5.472052764892578125e+01	5.472052764892578125e+01
2.600000000000000000e+03	1.003760854118554979e+00	5.472786331176757812e+01	5.472786331176757812e+01	5.472786331176757812e+01
2.610000000000000000e+03	9.968227239574662946e-01	5.485454177856445312e+01	5.485454177856445312e+01	5.485454177856445312e+01
2.620000000000000000e+03	1.005972306401704319e+00	5.468772888183593750e+01	5.468772888183593750e+01	5.468772888183593750e+01
2.630000000000000000e+03	1.001068175855456266e+00	5.477688598632812500e+01	5.477688598632812500e+01	5.477688598632812500e+01
2.640000000000000000e+03	1.008067764641212394e+00	5.464981079101562500e+01	5.464981079101562500e+01	5.464981079101562500e+01
2.650000000000000000e+03	9.996977297940486951e-01	5.480190658569335938e+01	5.480190658569335938e+01	5.480190658569335938e+01
2.660000000000000000e+03	9.967343139848815481e-01	5.485616302490234375e+01	5.485616302490234375e+01	5.485616302490234375e+01
2.670000000000000000e+03	1.001676669992009439e+00	5.476579284667968750e+01	5.476579284667968750e+01	5.476579284667968750e+01
2.680000000000000000e+03	1.006209159636571648e+00	5.468343734741210938e+01	5.468343734741210938e+01	5.468343734741210938e+01
2.690000000000000000e+03	9.994307306779897093e-01	5.480678558349609375e+01	5.480678558349609375e+01	5.480678558349609375e+01
2.700000000000000000e+03	1.010328790653048925e+00	5.460901260375976562e+01	5.460901260375976562e+01	5.460901260375976562e+01
2.710000000000000000e+03	1.007740626930565320e+00	5.465572357177734375e+01	5.465572357177734375e+01	5.465572357177734375e+01
2.720000000000000000e+03	1.005122322551517788e+00	5.470314025878906250e+01	5.470314025878906250e+01	5.470314025878906250e+01
2.730000000000000000e+03	1.007544600446026450e+00	5.465926742553710938e+01	5.465926742553710938e+01	5.465926742553710938e+01
2.740000000000000000e+03	1.006520102611820233e+00	5.467780685424804688e+01	5.467780685424804688e+01	5.467780685424804688e+01
2.750000000000000000e+03	1.003316135481908900e+00	5.473594665527343750e+01	5.473594665527343750e+01	5.473594665527343750e+01
2.760000000000000000e+03	1.014404111070967396e+00	5.453578567504882812e+01	5.453578567504882812e+01	5.453578567504882812e+01
2.770000000000000000e+03	1.003410593264985939e+00	5.473423004150390625e+01	5.473423004150390625e+01	5.473423004150390625e+01
2.780000000000000000e+03	1.007291701108305348e+00	5.466384124755859375e+01	5.466384124755859375e+01	5.466384124755859375e+01
2.790000000000000000e+03	9.994023692177448348e-01	5.480730438232421875e+01	5.480730438232421875e+01	5.480730438232421875e+01
2.800000000000000000e+03	9.983494876269478624e-01	5.482656478881835938e+01	5.482656478881835938e+01	5.482656478881835938e+01
2.810000000000000000e+03	1.007339977341561665e+00	5.466296768188476562e+01	5.466296768188476562e+01	5.466296768188476562e+01
2.820000000000000000e+03	1.003517405521441974e+00	5.473228836059570312e+01	5.473228836059570312e+01	5.473228836059570312e+01
2.830000000000000000e+03	1.008544525084194232e+00	5.464119720458984375e+01	5.464119720458984375e+01	5.464119720458984375e+01
2.840000000000000000e+03	1.001069508211357428e+00	5.477686309814453125e+01	5.477686309814453125e+01	5.477686309814453125e+01
2.850000000000000000e+03	1.003169130309018442e+00	5.473862075805664062e+01	5.473862075805664062e+01	5.473862075805664062e+01
2.860000000000000000e+03	1.006355999262320999e+00	5.468077850341796875e+01	5.468077850341796875e+01	5.468077850341796875e+01
2.870000000000000000e+03	1.006206275200831168e+00	5.468349075317382812e+01	5.468349075317382812e+01	5.468349075317382812e+01
2.880000000000000000e+03	1.003203249256962915e+00	5.473799896240234375e+01	5.473799896240234375e+01	5.473799896240234375e+01
2.890000000000000000e+03	1.001183532947194976e+00	5.477478408813476562e+01	5.477478408813476562e+01	5.477478408813476562e+01
2.900000000000000000e+03	1.008548099110468721e+00	5.464113235473632812e+01	5.464113235473632812e+01	5.464113235473632812e+01
2.910000000000000000e+03	1.004789135597321748e+00	5.470918655395507812e+01	5.470918655395507812e+01	5.470918655395507812e+01
2.920000000000000000e+03	1.010672937417378625e+00	5.460281372070312500e+01	5.460281372070312500e+01	5.460281372070312500e+01
2.930000000000000000e+03	9.975657227783215619e-01	5.484091949462890625e+01	5.484091949462890625e+01	5.484091949462890625e+01
2.940000000000000000e+03	9.929529886440496833e-01	5.492570877075195312e+01	5.492570877075195312e+01	5.492570877075195312e+01
2.950000000000000000e+03	1.003817883120115662e+00	5.472682571411132812e+01	5.472682571411132812e+01	5.472682571411132812e+01
2.960000000000000000e+03	9.935690910289456390e-01	5.491435241699218750e+01	5.491435241699218750e+01	5.491435241699218750e+01
2.970000000000000000e+03	1.005420978228673601e+00	5.469772338867187500e+01	5.469772338867187500e+01	5.469772338867187500e+01
2.980000000000000000e+03	9.997824896122322613e-01	5.480035781860351562e+01	5.480035781860351562e+01	5.480035781860351562e+01
2.990000000000000000e+03	1.006485950084409664e+00	5.467842483520507812e+01	5.467842483520507812e+01	5.467842483520507812e+01
3.000000000000000000e+03	1.004640931703517870e+00	5.471187591552734375e+01	5.471187591552734375e+01	5.471187591552734375e+01
3.010000000000000000e+03	9.973929060321242712e-01	5.484408569335937500e+01	5.484408569335937500e+01	5.484408569335937500e+01
3.020000000000000000e+03	1.000736624691033194e+00	5.478293609619140625e+01	5.478293609619140625e+01	5.478293609619140625e+01
3.030000000000000000e+03	1.001927901300930568e+00	5.476121520996093750e+01	5.476121520996093750e+01	5.476121520996093750e+01
3.040000000000000000e+03	9.999651564820554173e-01	5.479701995849609375e+01	5.479701995849609375e+01	5.479701995849609375e+01
3.050000000000000000e+03	1.013977153909434215e+00	5.454343795776367188e+01	5.454343795776367188e+01	5.454343795776367188e+01
3.060000000000000000e+03	1.004888569828195521e+00	5.470738220214843750e+01	5.470738220214843750e+01	5.470738220214843750e+01
3.070000000000000000e+03	9.954695156343438267e-01	5.487938690185546875e+01	5.487938690185546875e+01	5.487938690185546875e+01
3.080000000000000000e+03	1.004886651913419859e+00	5.470741653442382812e+01	5.470741653442382812e+01	5.470741653442382812e+01
3.090000000000000000e+03	1.005966828567713689e+00	5.468782806396484375e+01	5.468782806396484375e+01	5.468782806396484375e+01
3.100000000000000000e+03	1.011693566611519435e+00	5.458444595336914062e+01	5.458444595336914062e+01	5.458444595336914062e+01
3.110000000000000000e+03	1.004978336429133368e+00	5.470575332641601562e+01	5.470575332641601562e+01	5.470575332641601562e+01
3.120000000000000000e+03	9.995213273952675559e-01	5.480513000488281250e+01	5.480513000488281250e+01	5.480513000488281250e+01
3.130000000000000000e+03	9.961801512599072206e-01	5.486633300781250000e+01	5.486633300781250000e+01	5.486633300781250000e+01
3.140000000000000000e+03	1.000110369184692871e+00	5.479436874389648438e+01	5.479436874389648438e+01	5.479436874389648438e+01
3.150000000000000000e+03	1.005713279766980994e+00	5.469242477416992188e+01	5.469242477416992188e+01	5.469242477416992188e+01
3.160000000000000000e+03	9.995536805691996873e-01	5.480453872680664062e+01	5.480453872680664062e+01	5.480453872680664062e+01
3.170000000000000000e+03	9.986235802264067374e-01	5.482154846191406250e+01	5.482154846191406250e+01	5.482154846191406250e+01
3.180000000000000000e+03	9.951083713195472136e-01	5.488602447509765625e+01	5.488602447509765625e+01	5.488602447509765625e+01
3.190000000000000000e+03	9.977852079173321620e-01	5.483689880371093750e+01	5.483689880371093750e+01	5.483689880371093750e+01
3.200000000000000000e+03	1.013877377281129810e+00	5.454522705078125000e+01	5.454522705078125000e+01	5.454522705078125000e+01
3.210000000000000000e+03	1.006414958725845521e+00	5.467971038818359375e+01	5.467971038818359375e+01	5.467971038818359375e+01
3.220000000000000000e+03	1.009574795799546232e+00	5.462260437011718750e+01	5.462260437011718750e+01	5.462260437011718750e+01
3.230000000000000000e+03	1.003058188094077652e+00	5.474063873291015625e+01	5.474063873291015625e+01	5.474063873291015625e+01
3.240000000000000000e+03	9.998836886865746232e-01	5.479850769042968750e+01	5.479850769042968750e+01	5.479850769042968750e+01
3.250000000000000000e+03	1.009039430623972722e+00	5.463226318359375000e+01	5.463226318359375000e+01	5.463226318359375000e+01
3.260000000000000000e+03	1.004746472168434268e+00	5.470996093750000000e+01	5.470996093750000000e+01	5.470996093750000000e+01
3.270000000000000000e+03	1.000645237013631617e+00	5.478460311889648438e+01	5.478460311889648438e+01	5.478460311889648438e+01
3.280000000000000000e+03	9.969947767821307760e-01	5.485138702392578125e+01	5.485138702392578125e+01	5.485138702392578125e+01
3.290000000000000000e+03	1.015021690427173384e+00	5.452472305297851562e+01	5.452472305297851562e+01	5.452472305297851562e+01
3.300000000000000000e+03	1.004682627602677680e+00	5.471112060546875000e+01	5.471112060546875000e+01	5.471112060546875000e+01
3.310000000000000000e+03	1.001719358990410313e+00	5.476501464843750000e+01	5.476501464843750000e+01	5.476501464843750000e+01
3.320000000000000000e+03	1.009174524339976564e+00	5.462982559204101562e+01	5.462982559204101562e+01	5.462982559204101562e+01
3.330000000000000000e+03	9.981106432825032071e-01	5.483093643188476562e+01	5.483093643188476562e+01	5.483093643188476562e+01
3.340000000000000000e+03	1.007879521161062497e+00	5.465321350097656250e+01	5.465321350097656250e+01	5.465321350097656250e+01
3.350000000000000000e+03	1.005972306401704319e+00	5.468772888183593750e+01	5.468772888183593750e+01	5.468772888183593750e+01
3.360000000000000000e+03	1.006863103228139211e+00	5.467159652709960938e+01	5.467159652709960938e+01	5.467159652709960938e+01
3.370000000000000000e+03	1.003398354816575910e+00	5.473445129394531250e+01	5.473445129394531250e+01	5.473445129394531250e+01
3.380000000000000000e+03	1.007727511120575903e+00	5.465596008300781250e+01	5.465596008300781250e+01	5.465596008300781250e+01
3.390000000000000000e+03	1.000290020218358666e+00	5.479108810424804688e+01	5.479108810424804688e+01	5.479108810424804688e+01
3.400000000000000000e+03	1.005714240301794016e+00	5.469240570068359375e+01	5.469240570068359375e+01	5.469240570068359375e+01
3.410000000000000000e+03	1.001584157887449145e+00	5.476747894287109375e+01	5.476747894287109375e+01	5.476747894287109375e+01
3.420000000000000000e+03	9.952185024359920806e-01	5.488399887084960938e+01	5.488399887084960938e+01	5.488399887084960938e+01
3.430000000000000000e+03	1.013228625065254462e+00	5.455686569213867188e+01	5.455686569213867188e+01	5.455686569213867188e+01
3.440000000000000000e+03	9.999931700381605726e-01	5.479650878906250000e+01	5.479650878906250000e+01	5.479650878906250000e+01
3.450000000000000000e+03	1.006335417976840008e+00	5.468115234375000000e+01	5.468115234375000000e+01	5.468115234375000000e+01
3.460000000000000000e+03	1.007069651495795526e+00	5.466785812377929688e+01	5.466785812377929688e+01	5.466785812377929688e+01
3.470000000000000000e+03	1.002278844781329337e+00	5.475482177734375000e+01	5.475482177734375000e+01	5.475482177734375000e+01
3.480000000000000000e+03	1.003275030867211370e+00	5.473669433593750000e+01	5.473669433593750000e+01	5.473669433593750000e+01
3.490000000000000000e+03	9.960451221474305727e-01	5.486881256103515625e+01	5.486881256103515625e+01	5.486881256103515625e+01
3.500000000000000000e+03	1.006538767225925390e+00	5.467746734619140625e+01	5.467746734619140625e+01	5.467746734619140625e+01
3.510000000000000000e+03	1.003767743184018624e+00	5.472773742675781250e+01	5.472773742675781250e+01	5.472773742675781250e+01
3.520000000000000000e+03	1.009887628998380027e+00	5.461696243286132812e+01	5.461696243286132812e+01	5.461696243286132812e+01
3.530000000000000000e+03	1.003083413108829092e+00	5.474018096923828125e+01	5.474018096923828125e+01	5.474018096923828125e+01
3.540000000000000000e+03	1.001087685706834929e+00	5.477653121948242188e+01	5.477653121948242188e+01	5.477653121948242188e+01
3.550000000000000000e+03	1.005240343272937764e+00	5.470100021362304688e+01	5.470100021362304688e+01	5.470100021362304688e+01
3.560000000000000000e+03	1.002486761190264808e+00	5.475103759765625000e+01	5.475103759765625000e+01	5.475103759765625000e+01
3.570000000000000000e+03	1.006161664700512270e+00	5.468429946899414062e+01	5.468429946899414062e+01	5.468429946899414062e+01
3.580000000000000000e+03	1.009787590370026633e+00	5.461876678466796875e+01	5.461876678466796875e+01	5.461876678466796875e+01
3.590000000000000000e+03	1.013122172474671512e+00	5.455877685546875000e+01	5.455877685546875000e+01	5.455877685546875000e+01
3.600000000000000000e+03	1.005778408182444794e+00	5.469124221801757812e+01	5.469124221801757812e+01	5.469124221801757812e+01
3.610000000000000000e+03	1.003705362317833139e+00	5.472887039184570312e+01	5.472887039184570312e+01	5.472887039184570312e+01
3.620000000000000000e+03	1.004147074729520916e+00	5.472084426879882812e+01	5.472084426879882812e+01	5.472084426879882812e+01
3.630000000000000000e+03	1.005144197470875245e+00	5.470274353027343750e+01	5.470274353027343750e+01	5.470274353027343750e+01
3.640000000000000000e+03	1.005655362908574713e+00	5.469347381591796875e+01	5.469347381591796875e+01	5.469347381591796875e+01
3.650000000000000000e+03	1.001739466006801749e+00	5.476464843750000000e+01	5.476464843750000000e+01	5.476464843750000000e+01
3.660000000000000000e+03	9.977370868463102394e-01	5.483777999877929688e+01	5.483777999877929688e+01	5.483777999877929688e+01
3.670000000000000000e+03	9.936930409063583491e-01	5.491207122802734375e+01	5.491207122802734375e+01	5.491207122802734375e+01
3.680000000000000000e+03	1.006599672559605141e+00	5.467636489868164062e+01	5.467636489868164062e+01	5.467636489868164062e+01
3.690000000000000000e+03	1.006711207117373608e+00	5.467434692382812500e+01	5.467434692382812500e+01	5.467434692382812500e+01
3.700000000000000000e+03	1.006028049157273951e+00	5.468671798706054688e+01	5.468671798706054688e+01	5.468671798706054688e+01
3.710000000000000000e+03	1.009697446687928712e+00	5.462039184570312500e+01	5.462039184570312500e+01	5.462039184570312500e+01
3.720000000000000000e+03	1.006802454797545154e+00	5.467269515991210938e+01	5.467269515991210938e+01	5.467269515991210938e+01
3.730000000000000000e+03	1.015684693445487952e+00	5.451285552978515625e+01	5.451285552978515625e+01	5.451285552978515625e+01
3.740000000000000000e+03	1.011477053333641685e+00	5.458834075927734375e+01	5.458834075927734375e+01	5.458834075927734375e+01
3.750000000000000000e+03	9.995060528709088787e-01	5.480540847778320312e+01	5.480540847778320312e+01	5.480540847778320312e+01
3.760000000000000000e+03	1.011164691260617809e+00	5.459395980834960938e+01	5.459395980834960938e+01	5.459395980834960938e+01
3.770000000000000000e+03	9.951666785241510826e-01	5.488495254516601562e+01	5.488495254516601562e+01	5.488495254516601562e+01
3.780000000000000000e+03	1.002575240083328323e+00	5.474942779541015625e+01	5.474942779541015625e+01	5.474942779541015625e+01
3.790000000000000000e+03	1.004937479128684252e+00	5.470649337768554688e+01	5.470649337768554688e+01	5.470649337768554688e+01
3.800000000000000000e+03	1.002957491776093502e+00	5.474246978759765625e+01	5.474246978759765625e+01	5.474246978759765625e+01
3.810000000000000000e+03	9.963786624509584078e-01	5.486268997192382812e+01	5.486268997192382812e+01	5.486268997192382812e+01
3.820000000000000000e+03	1.003643658813517581e+00	5.472999191284179688e+01	5.472999191284179688e+01	5.472999191284179688e+01
3.830000000000000000e+03	1.005871792839475587e+00	5.468955230712890625e+01	5.468955230712890625e+01	5.468955230712890625e+01
3.840000000000000000e+03	1.000222085349250500e+00	5.479232788085937500e+01	5.479232788085937500e+01	5.479232788085937500e+01
3.850000000000000000e+03	1.006085816702575242e+00	5.468567276000976562e+01	5.468567276000976562e+01	5.468567276000976562e+01
3.860000000000000000e+03	1.008528200799776231e+00	5.464149093627929688e+01	5.464149093627929688e+01	5.464149093627929688e+01
3.870000000000000000e+03	1.001304153317072787e+00	5.477258300781250000e+01	5.477258300781250000e+01	5.477258300781250000e+01
3.880000000000000000e+03	1.002421390379940824e+00	5.475222778320312500e+01	5.475222778320312500e+01	5.475222778320312500e+01
3.890000000000000000e+03	1.009055481383830610e+00	5.463197326660156250e+01	5.463197326660156250e+01	5.463197326660156250e+01
3.900000000000000000e+03	1.000882727487994783e+00	5.478026962280273438e+01	5.478026962280273438e+01	5.478026962280273438e+01
3.910000000000000000e+03	1.007429218649044778e+00	5.466135406494140625e+01	5.466135406494140625e+01	5.466135406494140625e+01
3.920000000000000000e+03	1.005509591789180091e+00	5.469611740112304688e+01	5.469611740112304688e+01	5.469611740112304688e+01
3.930000000000000000e+03	1.008697941218054561e+00	5.463842773437500000e+01	5.463842773437500000e+01	5.463842773437500000e+01
3.940000000000000000e+03	1.006482198257904193e+00	5.467849349975585938e+01	5.467849349975585938e+01	5.467849349975585938e+01
3.950000000000000000e+03	1.002728182177808014e+00	5.474664306640625000e+01	5.474664306640625000e+01	5.474664306640625000e+01
3.960000000000000000e+03	1.009932086211375868e+00	5.461616134643554688e+01	5.461616134643554688e+01	5.461616134643554688e+01
3.970000000000000000e+03	1.000535327643316208e+00	5.478660964965820312e+01	5.478660964965820312e+01	5.478660964965820312e+01
3.980000000000000000e+03	1.013563043360149463e+00	5.455086517333984375e+01	5.455086517333984375e+01	5.455086517333984375e+01
3.990000000000000000e+03	1.004503503521586127e+00	5.471437072753906250e+01	5.471437072753906250e+01	5.471437072753906250e+01
4.000000000000000000e+03	1.009309557492887421e+00	5.462738800048828125e+01	5.462738800048828125e+01	5.462738800048828125e+01
4.010000000000000000e+03	1.006662221252334621e+00	5.467523193359375000e+01	5.467523193359375000e+01	5.467523193359375000e+01
4.020000000000000000e+03	1.012454137829627898e+00	5.457077407836914062e+01	5.457077407836914062e+01	5.457077407836914062e+01
4.030000000000000000e+03	1.007705812919850841e+00	5.465635299682617188e+01	5.465635299682617188e+01	5.465635299682617188e+01
4.040000000000000000e+03	1.006713324492107819e+00	5.467430877685546875e+01	5.467430877685546875e+01	5.467430877685546875e+01
4.050000000000000000e+03	1.008837776037868172e+00	5.463590240478515625e+01	5.463590240478515625e+01	5.463590240478515625e+01
4.060000000000000000e+03	1.007236010922843095e+00	5.466484832763671875e+01	5.466484832763671875e+01	5.466484832763671875e+01
4.070000000000000000e+03	9.950890938274961073e-01	5.488637924194335938e+01	5.488637924194335938e+01	5.488637924194335938e+01
4.080000000000000000e+03	1.002470155242332739e+00	5.475133895874023438e+01	5.475133895874023438e+01	5.475133895874023438e+01
4.090000000000000000e+03	9.992970001002288161e-01	5.480923080444335938e+01	5.480923080444335938e+01	5.480923080444335938e+01
4.100000000000000000e+03	1.000073800862458340e+00	5.479503631591796875e+01	5.479503631591796875e+01	5.479503631591796875e+01
4.110000000000000000e+03	1.005177011635245643e+00	5.470214843750000000e+01	5.470214843750000000e+01	5.470214843750000000e+01
4.120000000000000000e+03	1.000855805602775428e+00	5.478076171875000000e+01	5.478076171875000000e+01	5.478076171875000000e+01
4.130000000000000000e+03	1.007504305386849097e+00	5.465999603271484375e+01	5.465999603271484375e+01	5.465999603271484375e+01
4.140000000000000000e+03	1.012543119265108871e+00	5.456917572021484375e+01	5.456917572021484375e+01	5.456917572021484375e+01
4.150000000000000000e+03	1.006934831833826038e+00	5.467029953002929688e+01	5.467029953002929688e+01	5.467029953002929688e+01
4.160000000000000000e+03	1.002302790371770058e+00	5.475438690185546875e+01	5.475438690185546875e+01	5.475438690185546875e+01
4.170000000000000000e+03	1.003024174552720638e+00	5.474125671386718750e+01	5.474125671386718750e+01	5.474125671386718750e+01
4.180000000000000000e+03	1.009311008618409611e+00	5.462736129760742188e+01	5.462736129760742188e+01	5.462736129760742188e+01
4.190000000000000000e+03	1.004298485346994507e+00	5.471809387207031250e+01	5.471809387207031250e+01	5.471809387207031250e+01
4.200000000000000000e+03	9.962240695230825116e-01	5.486552810668945312e+01	5.486552810668945312e+01	5.486552810668945312e+01
4.210000000000000000e+03	1.006581967879694117e+00	5.467668533325195312e+01	5.467668533325195312e+01	5.467668533325195312e+01
4.220000000000000000e+03	9.984424444874548943e-01	5.482486343383789062e+01	5.482486343383789062e+01	5.482486343383789062e+01
4.230000000000000000e+03	1.009983715730061071e+00	5.461523056030273438e+01	5.461523056030273438e+01	5.461523056030273438e+01
4.240000000000000000e+03	9.967127092364531649e-01	5.485655975341796875e+01	5.485655975341796875e+01	5.485655975341796875e+01
4.250000000000000000e+03	9.999733229837837190e-01	5.479687118530273438e+01	5.479687118530273438e+01	5.479687118530273438e+01
4.260000000000000000e+03	1.001053996001666446e+00	5.477714538574218750e+01	5.477714538574218750e+01	5.477714538574218750e+01
4.270000000000000000e+03	1.009483819128578874e+00	5.462424468994140625e+01	5.462424468994140625e+01	5.462424468994140625e+01
4.280000000000000000e+03	1.001615215658603564e+00	5.476691436767578125e+01	5.476691436767578125e+01	5.476691436767578125e+01
4.290000000000000000e+03	1.006766839283435910e+00	5.467333984375000000e+01	5.467333984375000000e+01	5.467333984375000000e+01
4.300000000000000000e+03	1.001683816334150823e+00	5.476566314697265625e+01	5.476566314697265625e+01	5.476566314697265625e+01
4.310000000000000000e+03	1.010836414073598366e+00	5.459986877441406250e+01	5.459986877441406250e+01	5.459986877441406250e+01
4.320000000000000000e+03	9.956315936485606866e-01	5.487640762329101562e+01	5.487640762329101562e+01	5.487640762329101562e+01
4.330000000000000000e+03	1.010701360124035775e+00	5.460230255126953125e+01	5.460230255126953125e+01	5.460230255126953125e+01
4.340000000000000000e+03	1.008876437976955032e+00	5.463520431518554688e+01	5.463520431518554688e+01	5.463520431518554688e+01
4.350000000000000000e+03	1.001560722930272984e+00	5.476790618896484375e+01	5.476790618896484375e+01	5.476790618896484375e+01
4.360000000000000000e+03	1.009510723287522227e+00	5.462376022338867188e+01	5.462376022338867188e+01	5.462376022338867188e+01
4.370000000000000000e+03	9.950813830398053117e-01	5.488652038574218750e+01	5.488652038574218750e+01	5.488652038574218750e+01
4.380000000000000000e+03	1.003189869000770118e+00	5.473824310302734375e+01	5.473824310302734375e+01	5.473824310302734375e+01
4.390000000000000000e+03	1.004183845786005058e+00	5.472017669677734375e+01	5.472017669677734375e+01	5.472017669677734375e+01
4.400000000000000000e+03	1.009745469675366936e+00	5.461952590942382812e+01	5.461952590942382812e+01	5.461952590942382812e+01
4.410000000000000000e+03	1.006494512049646017e+00	5.467826843261718750e+01	5.467826843261718750e+01	5.467826843261718750e+01
4.420000000000000000e+03	1.012775284505353701e+00	5.456500625610351562e+01	5.456500625610351562e+01	5.456500625610351562e+01
4.430000000000000000e+03	1.006073416786771091e+00	5.468589782714843750e+01	5.468589782714843750e+01	5.468589782714843750e+01
4.440000000000000000e+03	1.008197385720275063e+00	5.464746856689453125e+01	5.464746856689453125e+01	5.464746856689453125e+01
4.450000000000000000e+03	9.952392899499317158e-01	5.488361740112304688e+01	5.488361740112304688e+01	5.488361740112304688e+01
4.460000000000000000e+03	1.004052956924484930e+00	5.472255325317382812e+01	5.472255325317382812e+01	5.472255325317382812e+01
4.470000000000000000e+03	1.004675630118158525e+00	5.471124649047851562e+01	5.471124649047851562e+01	5.471124649047851562e+01
4.480000000000000000e+03	1.007477315283735519e+00	5.466048431396484375e+01	5.466048431396484375e+01	5.466048431396484375e+01
4.490000000000000000e+03	1.003629597215920155e+00	5.473024749755859375e+01	5.473024749755859375e+01	5.473024749755859375e+01
4.500000000000000000e+03	1.000867125936352853e+00	5.478055572509765625e+01	5.478055572509765625e+01	5.478055572509765625e+01
4.510000000000000000e+03	1.002579153749941776e+00	5.474935531616210938e+01	5.474935531616210938e+01	5.474935531616210938e+01
4.520000000000000000e+03	1.015422893746620980e+00	5.451753997802734375e+01	5.451753997802734375e+01	5.451753997802734375e+01
4.530000000000000000e+03	1.009167077287689285e+00	5.462995910644531250e+01	5.462995910644531250e+01	5.462995910644531250e+01
4.540000000000000000e+03	1.007984585351135554e+00	5.465131378173828125e+01	5.465131378173828125e+01	5.465131378173828125e+01
4.550000000000000000e+03	1.008838452596327873e+00	5.463589096069335938e+01	5.463589096069335938e+01	5.463589096069335938e+01
4.560000000000000000e+03	1.002961886070128816e+00	5.474238967895507812e+01	5.474238967895507812e+01	5.474238967895507812e+01
4.570000000000000000e+03	1.008592341857551533e+00	5.464033508300781250e+01	5.464033508300781250e+01	5.464033508300781250e+01
4.580000000000000000e+03	1.006294257931259040e+00	5.468189620971679688e+01	5.468189620971679688e+01	5.468189620971679688e+01
4.590000000000000000e+03	1.001943631275831414e+00	5.476092910766601562e+01	5.476092910766601562e+01	5.476092910766601562e+01
4.600000000000000000e+03	1.002296875418323019e+00	5.475449371337890625e+01	5.475449371337890625e+01	5.475449371337890625e+01
4.610000000000000000e+03	1.000630593713766947e+00	5.478487014770507812e+01	5.478487014770507812e+01	5.478487014770507812e+01
4.620000000000000000e+03	1.001537289069728276e+00	5.476833343505859375e+01	5.476833343505859375e+01	5.476833343505859375e+01
4.630000000000000000e+03	1.001524905765145412e+00	5.476855850219726562e+01	5.476855850219726562e+01	5.476855850219726562e+01
4.640000000000000000e+03	1.004129264717128267e+00	5.472116851806640625e+01	5.472116851806640625e+01	5.472116851806640625e+01
4.650000000000000000e+03	9.996375618937705099e-01	5.480300521850585938e+01	5.480300521850585938e+01	5.480300521850585938e+01
4.660000000000000000e+03	1.004623104168425929e+00	5.471220016479492188e+01	5.471220016479492188e+01	5.471220016479492188e+01
4.670000000000000000e+03	1.009516143003865940e+00	5.462366104125976562e+01	5.462366104125976562e+01	5.462366104125976562e+01
4.680000000000000000e+03	1.000754790099362967e+00	5.478260421752929688e+01	5.478260421752929688e+01	5.478260421752929688e+01
4.690000000000000000e+03	1.004400600760829709e+00	5.471623992919921875e+01	5.471623992919921875e+01	5.471623992919921875e+01
4.700000000000000000e+03	1.010381139370395420e+00	5.460807037353515625e+01	5.460807037353515625e+01	5.460807037353515625e+01
4.710000000000000000e+03	9.927118526294703704e-01	5.493015670776367188e+01	5.493015670776367188e+01	5.493015670776367188e+01
4.720000000000000000e+03	9.999942146417933886e-01	5.479648971557617188e+01	5.479648971557617188e+01	5.479648971557617188e+01
4.730000000000000000e+03	1.005012578556558012e+00	5.470513153076171875e+01	5.470513153076171875e+01	5.470513153076171875e+01
4.740000000000000000e+03	9.945386371103036582e-01	5.489650344848632812e+01	5.489650344848632812e+01	5.489650344848632812e+01
4.750000000000000000e+03	1.005506327307256198e+00	5.469617462158203125e+01	5.469617462158203125e+01	5.469617462158203125e+01
4.760000000000000000e+03	9.978663341007996124e-01	5.483541107177734375e+01	5.483541107177734375e+01	5.483541107177734375e+01
4.770000000000000000e+03	1.005317503505536614e+00	5.469960021972656250e+01	5.469960021972656250e+01	5.469960021972656250e+01
4.780000000000000000e+03	1.004331723263209630e+00	5.471749114990234375e+01	5.471749114990234375e+01	5.471749114990234375e+01
4.790000000000000000e+03	1.010405861483762102e+00	5.460762405395507812e+01	5.460762405395507812e+01	5.460762405395507812e+01
4.800000000000000000e+03	1.004052765451513229e+00	5.472255706787109375e+01	5.472255706787109375e+01	5.472255706787109375e+01
4.810000000000000000e+03	1.012523160361564534e+00	5.456953430175781250e+01	5.456953430175781250e+01	5.456953430175781250e+01
4.820000000000000000e+03	9.929716216501486281e-01	5.492536544799804688e+01	5.492536544799804688e+01	5.492536544799804688e+01
4.830000000000000000e+03	1.008064387024464104e+00	5.464987182617187500e+01	5.464987182617187500e+01	5.464987182617187500e+01
4.840000000000000000e+03	1.006310125307028791e+00	5.468161010742187500e+01	5.468161010742187500e+01	5.468161010742187500e+01
4.850000000000000000e+03	1.009156051983520763e+00	5.463015747070312500e+01	5.463015747070312500e+01	5.463015747070312500e+01
4.860000000000000000e+03	1.001806463455387375e+00	5.476342773437500000e+01	5.476342773437500000e+01	5.476342773437500000e+01
4.870000000000000000e+03	1.002595095097941647e+00	5.474906539916992188e+01	5.474906539916992188e+01	5.474906539916992188e+01
4.880000000000000000e+03	9.988278983782427067e-01	5.481781005859375000e+01	5.481781005859375000e+01	5.481781005859375000e+01
4.890000000000000000e+03	9.992145033404963295e-01	5.481073760986328125e+01	5.481073760986328125e+01	5.481073760986328125e+01
4.900000000000000000e+03	1.012033683413044116e+00	5.457833099365234375e+01	5.457833099365234375e+01	5.457833099365234375e+01
4.910000000000000000e+03	1.001009079921879819e+00	5.477796554565429688e+01	5.477796554565429688e+01	5.477796554565429688e+01
4.920000000000000000e+03	1.004151766719648675e+00	5.472076034545898438e+01	5.472076034545898438e+01	5.472076034545898438e+01
4.930000000000000000e+03	1.001275590224554701e+00	5.477310562133789062e+01	5.477310562133789062e+01	5.477310562133789062e+01
4.940000000000000000e+03	9.997106374164769216e-01	5.480167007446289062e+01	5.480167007446289062e+01	5.480167007446289062e+01
4.950000000000000000e+03	9.961417966312970940e-01	5.486703872680664062e+01	5.486703872680664062e+01	5.486703872680664062e+01
4.960000000000000000e+03	1.003611135988753622e+00	5.473058319091796875e+01	5.473058319091796875e+01	5.473058319091796875e+01
4.970000000000000000e+03	9.914248445571004487e-01	5.495391464233398438e+01	5.495391464233398438e+01	5.495391464233398438e+01
4.980000000000000000e+03	1.004160289017948626e+00	5.472060394287109375e+01	5.472060394287109375e+01	5.472060394287109375e+01
4.990000000000000000e+03	1.001221134443497585e+00	5.477409744262695312e+01	5.477409744262695312e+01	5.477409744262695312e+01
5.000000000000000000e+03	1.001639415379745213e+00	5.476647186279296875e+01	5.476647186279296875e+01	5.476647186279296875e+01
