Time (ps)	Potential	Kinetic	Total
0.000000	-236868.843750	37890.976562	-198977.875000
10.000000	-236625.000000	37033.453125	-199591.546875
20.000000	-236521.312500	37428.527344	-199092.781250
30.000000	-237986.250000	37059.988281	-200926.265625
40.000000	-237346.375000	37297.812500	-200048.562500
50.000000	-236207.875000	37166.792969	-199041.078125
60.000000	-236788.828125	37054.542969	-199734.281250
70.000000	-236192.765625	37672.468750	-198520.296875
80.000000	-237116.328125	37508.648438	-199607.687500
90.000000	-237674.125000	37275.968750	-200398.156250
100.000000	-236850.171875	37856.765625	-198993.406250
110.000000	-237017.796875	37653.867188	-199363.937500
120.000000	-237316.812500	37453.234375	-199863.578125
130.000000	-237837.937500	37239.601562	-200598.343750
140.000000	-237201.781250	37577.539062	-199624.250000
150.000000	-237553.265625	37833.585938	-199719.687500
160.000000	-238000.437500	37475.390625	-200525.046875
170.000000	-236706.000000	37481.257812	-199224.750000
180.000000	-236916.453125	37296.773438	-199619.687500
190.000000	-236591.218750	37411.292969	-199179.921875
200.000000	-236358.906250	37354.171875	-199004.734375
210.000000	-237029.421875	37750.726562	-199278.687500
220.000000	-236308.531250	37736.468750	-198572.062500
230.000000	-237597.781250	37228.890625	-200368.890625
240.000000	-236856.531250	37405.437500	-199451.093750
250.000000	-236430.906250	37347.781250	-199083.125000
260.000000	-236858.531250	37165.875000	-199692.656250
270.000000	-237880.593750	37359.062500	-200521.531250
280.000000	-237319.140625	37234.847656	-200084.296875
290.000000	-237328.250000	37660.820312	-199667.437500
300.000000	-236725.250000	37723.042969	-199002.203125
310.000000	-237602.000000	37237.570312	-200364.437500
320.000000	-237734.718750	37106.351562	-200628.375000
330.000000	-236050.968750	37491.656250	-198559.312500
340.000000	-237488.890625	37595.613281	-199893.281250
350.000000	-237219.359375	37520.691406	-199698.671875
360.000000	-237354.109375	37668.585938	-199685.531250
370.000000	-237409.718750	37226.023438	-200183.687500
380.000000	-237384.453125	37550.960938	-199833.500000
390.000000	-236055.359375	37265.726562	-198789.625000
400.000000	-236180.578125	37845.421875	-198335.156250
410.000000	-236939.515625	37366.191406	-199573.328125
420.000000	-236963.078125	37285.515625	-199677.562500
430.000000	-237899.953125	37373.398438	-200526.562500
440.000000	-236733.109375	37405.617188	-199327.500000
450.000000	-236994.546875	36727.351562	-200267.187500
460.000000	-237058.281250	37289.750000	-199768.531250
470.000000	-237335.703125	37448.691406	-199887.015625
480.000000	-237109.843750	37373.265625	-199736.578125
490.000000	-237331.015625	37577.148438	-199753.875000
500.000000	-236174.328125	37370.843750	-198803.484375
510.000000	-236820.921875	37657.660156	-199163.265625
520.000000	-237257.953125	38119.726562	-199138.218750
530.000000	-237861.562500	37957.312500	-199904.250000
540.000000	-236704.656250	37925.250000	-198779.406250
550.000000	-236328.828125	37621.238281	-198707.593750
560.000000	-236581.562500	37248.273438	-199333.281250
570.000000	-237222.281250	37544.367188	-199677.906250
580.000000	-237028.093750	37202.867188	-199825.218750
590.000000	-236900.515625	37580.492188	-199320.031250
600.000000	-237385.843750	37038.078125	-200347.765625
610.000000	-237232.781250	37753.859375	-199478.921875
620.000000	-237167.578125	37487.511719	-199680.062500
630.000000	-236896.265625	37073.660156	-199822.609375
640.000000	-238005.656250	37203.207031	-200802.453125
650.000000	-236893.468750	37402.449219	-199491.015625
660.000000	-237165.625000	37623.921875	-199541.703125
670.000000	-236493.390625	37701.285156	-198792.109375
680.000000	-237247.625000	37788.011719	-199459.609375
690.000000	-236105.031250	36882.250000	-199222.781250
700.000000	-237506.406250	37310.718750	-200195.687500
710.000000	-238350.953125	37550.406250	-200800.546875
720.000000	-237000.250000	37648.648438	-199351.593750
730.000000	-237422.515625	37618.410156	-199804.109375
740.000000	-237325.218750	37593.777344	-199731.437500
750.000000	-236962.234375	37656.039062	-199306.187500
760.000000	-237062.765625	37548.597656	-199514.171875
770.000000	-236970.281250	36938.757812	-200031.531250
780.000000	-236598.062500	37764.945312	-198833.125000
790.000000	-236652.906250	37417.878906	-199235.031250
800.000000	-237624.906250	36959.671875	-200665.234375
810.000000	-237531.515625	37292.140625	-200239.375000
820.000000	-237287.234375	37416.500000	-199870.734375
830.000000	-237145.484375	37966.214844	-199179.265625
840.000000	-236637.250000	37591.765625	-199045.484375
850.000000	-237253.765625	37695.191406	-199558.578125
860.000000	-237286.656250	37645.367188	-199641.281250
870.000000	-237406.234375	37439.101562	-199967.125000
880.000000	-237179.437500	37286.960938	-199892.468750
890.000000	-236803.125000	37351.976562	-199451.156250
900.000000	-237185.234375	37286.878906	-199898.359375
910.000000	-237037.531250	37337.023438	-199700.500000
920.000000	-237661.625000	37422.886719	-200238.734375
930.000000	-237242.734375	37370.828125	-199871.906250
940.000000	-237317.859375	37586.835938	-199731.031250
950.000000	-237292.203125	37745.187500	-199547.015625
960.000000	-236377.843750	38139.593750	-198238.250000
970.000000	-235936.093750	37232.203125	-198703.890625
980.000000	-237483.765625	36879.125000	-200604.640625
990.000000	-237123.000000	37370.710938	-199752.281250
1000.000000	-236683.015625	37237.519531	-199445.500000
1010.000000	-237047.109375	37217.722656	-199829.390625
1020.000000	-237642.750000	37246.472656	-200396.281250
1030.000000	-237158.453125	37720.765625	-199437.687500
1040.000000	-236977.109375	37738.625000	-199238.484375
1050.000000	-237898.796875	37605.906250	-200292.890625
1060.000000	-237786.296875	37489.148438	-200297.156250
1070.000000	-236522.703125	37620.082031	-198902.625000
1080.000000	-237574.218750	37209.527344	-200364.687500
1090.000000	-237255.906250	37887.382812	-199368.531250
1100.000000	-236835.578125	37362.312500	-199473.265625
1110.000000	-236844.265625	37639.472656	-199204.796875
1120.000000	-236889.109375	37777.195312	-199111.906250
1130.000000	-236780.828125	37268.882812	-199511.937500
1140.000000	-236602.562500	37000.289062	-199602.281250
1150.000000	-237158.234375	37805.703125	-199352.531250
1160.000000	-237163.015625	37340.402344	-199822.609375
1170.000000	-237842.437500	37261.789062	-200580.656250
1180.000000	-237522.171875	37229.250000	-200292.921875
1190.000000	-236555.421875	38046.453125	-198508.968750
1200.000000	-237328.281250	37561.570312	-199766.718750
1210.000000	-237324.500000	37568.398438	-199756.093750
1220.000000	-237577.687500	38057.390625	-199520.296875
1230.000000	-237121.375000	37458.777344	-199662.593750
1240.000000	-237588.218750	37699.593750	-199888.625000
1250.000000	-237044.781250	37380.226562	-199664.562500
1260.000000	-236999.953125	37128.648438	-199871.312500
1270.000000	-236591.875000	37790.382812	-198801.500000
1280.000000	-236621.531250	37587.183594	-199034.343750
1290.000000	-236603.359375	37123.171875	-199480.187500
1300.000000	-237136.750000	37233.351562	-199903.406250
1310.000000	-237120.296875	36969.558594	-200150.734375
1320.000000	-237813.656250	37415.972656	-200397.687500
1330.000000	-236757.140625	37481.093750	-199276.046875
1340.000000	-237279.312500	37797.304688	-199482.000000
1350.000000	-237518.921875	37847.695312	-199671.218750
1360.000000	-237463.062500	37676.996094	-199786.062500
1370.000000	-236145.828125	37781.488281	-198364.343750
1380.000000	-237297.656250	37665.804688	-199631.843750
1390.000000	-237153.500000	37346.875000	-199806.625000
1400.000000	-236812.687500	37539.312500	-199273.375000
1410.000000	-237535.546875	37456.695312	-200078.843750
1420.000000	-237049.390625	38000.515625	-199048.875000
1430.000000	-236859.093750	37116.339844	-199742.750000
1440.000000	-236759.843750	38252.320312	-198507.531250
1450.000000	-236894.406250	37235.648438	-199658.750000
1460.000000	-237841.796875	37044.046875	-200797.750000
1470.000000	-237792.953125	37651.046875	-200141.906250
1480.000000	-236846.203125	37459.023438	-199387.187500
1490.000000	-236763.406250	37382.757812	-199380.656250
1500.000000	-237240.640625	37685.617188	-199555.031250
1510.000000	-237111.531250	37252.835938	-199858.687500
1520.000000	-236935.953125	37810.890625	-199125.062500
1530.000000	-237056.921875	37458.496094	-199598.421875
1540.000000	-237476.812500	37233.957031	-200242.859375
1550.000000	-237116.828125	37923.406250	-199193.421875
1560.000000	-236231.015625	37621.277344	-198609.734375
1570.000000	-237453.046875	38006.980469	-199446.062500
1580.000000	-238039.656250	37543.593750	-200496.062500
1590.000000	-236918.328125	37730.789062	-199187.531250
1600.000000	-237245.125000	37672.804688	-199572.312500
1610.000000	-236705.406250	36873.015625	-199832.390625
1620.000000	-237402.812500	37164.632812	-200238.187500
1630.000000	-237482.765625	37583.507812	-199899.250000
1640.000000	-237178.406250	37351.339844	-199827.062500
1650.000000	-236494.406250	37213.546875	-199280.859375
1660.000000	-236303.031250	37383.851562	-198919.187500
1670.000000	-237819.171875	37829.273438	-199989.906250
1680.000000	-237327.562500	37371.421875	-199956.140625
1690.000000	-237178.984375	37517.195312	-199661.781250
1700.000000	-236176.687500	37673.167969	-198503.515625
1710.000000	-237592.156250	37690.386719	-199901.765625
1720.000000	-236826.359375	37854.492188	-198971.875000
1730.000000	-236719.187500	37329.457031	-199389.734375
1740.000000	-237134.656250	37662.242188	-199472.406250
1750.000000	-237491.734375	37141.695312	-200350.031250
1760.000000	-237005.203125	38048.015625	-198957.187500
1770.000000	-236595.843750	37142.656250	-199453.187500
1780.000000	-237106.453125	37356.191406	-199750.265625
1790.000000	-236654.468750	37658.273438	-198996.187500
1800.000000	-237154.296875	37311.945312	-199842.343750
1810.000000	-237526.046875	37559.593750	-199966.453125
1820.000000	-235906.296875	37570.832031	-198335.468750
1830.000000	-237219.578125	37644.070312	-199575.500000
1840.000000	-236902.843750	37021.687500	-199881.156250
1850.000000	-237381.484375	37457.046875	-199924.437500
1860.000000	-236835.562500	37018.078125	-199817.484375
1870.000000	-236667.046875	37232.710938	-199434.343750
1880.000000	-236657.093750	37944.632812	-198712.468750
1890.000000	-236638.609375	37645.648438	-198992.968750
1900.000000	-238102.203125	37239.929688	-200862.281250
1910.000000	-237442.468750	37493.187500	-199949.281250
1920.000000	-237062.500000	37640.781250	-199421.718750
1930.000000	-236764.531250	37178.460938	-199586.062500
1940.000000	-236891.265625	37313.937500	-199577.328125
1950.000000	-237800.953125	37427.523438	-200373.437500
1960.000000	-237132.375000	37392.359375	-199740.015625
1970.000000	-236682.093750	38033.292969	-198648.796875
1980.000000	-236553.234375	37220.976562	-199332.250000
1990.000000	-237010.218750	37522.972656	-199487.250000
2000.000000	-236532.625000	37905.265625	-198627.359375
2010.000000	-236255.484375	37226.664062	-199028.812500
2020.000000	-236933.828125	37408.628906	-199525.203125
2030.000000	-236882.468750	37467.625000	-199414.843750
2040.000000	-237179.500000	37579.964844	-199599.531250
2050.000000	-237209.015625	37362.726562	-199846.281250
2060.000000	-236700.593750	37803.898438	-198896.687500
2070.000000	-237291.890625	37033.234375	-200258.656250
2080.000000	-237304.484375	37391.832031	-199912.656250
2090.000000	-236692.265625	36980.531250	-199711.734375
2100.000000	-237225.906250	37456.257812	-199769.656250
2110.000000	-237348.375000	37535.718750	-199812.656250
2120.000000	-236704.218750	37701.093750	-199003.125000
2130.000000	-236621.593750	37120.667969	-199500.921875
2140.000000	-237798.390625	37292.437500	-200505.953125
2150.000000	-237651.687500	37593.515625	-200058.171875
2160.000000	-236849.765625	37391.835938	-199457.937500
2170.000000	-236627.234375	37919.140625	-198708.093750
2180.000000	-236552.828125	37797.628906	-198755.203125
2190.000000	-236364.109375	37330.843750	-199033.265625
2200.000000	-236799.828125	37363.781250	-199436.046875
2210.000000	-236433.906250	37481.289062	-198952.625000
2220.000000	-237394.500000	37644.750000	-199749.750000
2230.000000	-236298.281250	36349.765625	-199948.515625
2240.000000	-237113.843750	37677.796875	-199436.046875
2250.000000	-236815.078125	37302.187500	-199512.890625
2260.000000	-236525.843750	38190.886719	-198334.953125
2270.000000	-237806.250000	37245.851562	-200560.406250
2280.000000	-236986.953125	37773.937500	-199213.015625
2290.000000	-237007.562500	37789.062500	-199218.500000
2300.000000	-236867.328125	37324.535156	-199542.796875
2310.000000	-236777.875000	37685.085938	-199092.781250
2320.000000	-236266.750000	37290.046875	-198976.703125
2330.000000	-236559.906250	37310.929688	-199248.968750
2340.000000	-236578.046875	37563.601562	-199014.437500
2350.000000	-236612.687500	37540.953125	-199071.734375
2360.000000	-237758.578125	37046.820312	-200711.750000
2370.000000	-237269.218750	37264.125000	-200005.093750
2380.000000	-237347.593750	37496.281250	-199851.312500
2390.000000	-237315.671875	37103.824219	-200211.843750
2400.000000	-236589.562500	37353.089844	-199236.468750
2410.000000	-236581.906250	37935.730469	-198646.171875
2420.000000	-237385.062500	37431.617188	-199953.437500
2430.000000	-236825.609375	37775.777344	-199049.828125
2440.000000	-236963.781250	37458.550781	-199505.234375
2450.000000	-237414.781250	37409.394531	-200005.390625
2460.000000	-237047.921875	37484.453125	-199563.468750
2470.000000	-237165.515625	37502.503906	-199663.015625
2480.000000	-237334.281250	37692.402344	-199641.875000
2490.000000	-237794.281250	37396.730469	-200397.546875
2500.000000	-237382.421875	37349.906250	-200032.515625
2510.000000	-237877.703125	37406.453125	-200471.250000
2520.000000	-236335.562500	37443.109375	-198892.453125
2530.000000	-237169.000000	37568.347656	-199600.656250
2540.000000	-236755.562500	37783.835938	-198971.718750
2550.000000	-236643.406250	37531.343750	-199112.062500
2560.000000	-236251.937500	37280.835938	-198971.093750
2570.000000	-237100.234375	37834.289062	-199265.937500
2580.000000	-237771.703125	37656.785156	-200114.921875
2590.000000	-236992.921875	37251.933594	-199740.984375
2600.000000	-236896.359375	37721.308594	-199175.046875
2610.000000	-237013.515625	37098.179688	-199915.343750
2620.000000	-236706.515625	37220.859375	-199485.656250
2630.000000	-236043.390625	37151.878906	-198891.515625
2640.000000	-237714.062500	36970.234375	-200743.828125
2650.000000	-237222.828125	37415.523438	-199807.312500
2660.000000	-237606.453125	37433.218750	-200173.234375
2670.000000	-237286.406250	37313.515625	-199972.890625
2680.000000	-237457.984375	37061.503906	-200396.484375
2690.000000	-236355.906250	37627.312500	-198728.593750
2700.000000	-238004.906250	37170.109375	-200834.796875
2710.000000	-237262.515625	37965.046875	-199297.468750
2720.000000	-237062.968750	37615.601562	-199447.375000
2730.000000	-236779.062500	37141.644531	-199637.421875
2740.000000	-237398.234375	37440.171875	-199958.062500
2750.000000	-236964.703125	37432.500000	-199532.203125
2760.000000	-237264.687500	37017.500000	-200247.187500
2770.000000	-236665.640625	37016.335938	-199649.312500
2780.000000	-237789.531250	37688.835938	-200100.687500
2790.000000	-237008.531250	37448.972656	-199559.562500
2800.000000	-236210.890625	37852.652344	-198358.234375
2810.000000	-237020.046875	37639.582031	-199380.468750
2820.000000	-237359.421875	37640.644531	-199718.781250
2830.000000	-236835.453125	37154.710938	-199680.750000
2840.000000	-236536.515625	37006.343750	-199530.171875
2850.000000	-235869.156250	37378.625000	-198490.531250
2860.000000	-237515.578125	37828.109375	-199687.468750
2870.000000	-237129.765625	37769.953125	-199359.812500
2880.000000	-236562.781250	37604.894531	-198957.890625
2890.000000	-237824.843750	37046.968750	-200777.875000
2900.000000	-235903.203125	37657.539062	-198245.656250
2910.000000	-237661.906250	37722.394531	-199939.515625
2920.000000	-237205.093750	37689.476562	-199515.625000
2930.000000	-237162.078125	37367.820312	-199794.250000
2940.000000	-236732.234375	37758.929688	-198973.312500
2950.000000	-237437.437500	37763.691406	-199673.750000
2960.000000	-236458.593750	36937.062500	-199521.531250
2970.000000	-237296.687500	37555.789062	-199740.906250
2980.000000	-236784.703125	37141.636719	-199643.062500
2990.000000	-236717.796875	37580.453125	-199137.343750
3000.000000	-237815.921875	37441.398438	-200374.531250
3010.000000	-237539.875000	37759.398438	-199780.468750
3020.000000	-237004.406250	36943.230469	-200061.171875
3030.000000	-236512.093750	37271.320312	-199240.781250
3040.000000	-236776.843750	37312.285156	-199464.562500
3050.000000	-236476.718750	37834.640625	-198642.078125
3060.000000	-237646.625000	37240.382812	-200406.250000
3070.000000	-236201.218750	37578.695312	-198622.531250
3080.000000	-236583.906250	37306.164062	-199277.750000
3090.000000	-236885.281250	37717.863281	-199167.421875
3100.000000	-237346.000000	38034.863281	-199311.140625
3110.000000	-237196.640625	37949.019531	-199247.625000
3120.000000	-236344.328125	37555.132812	-198789.187500
3130.000000	-237320.718750	37397.312500	-199923.406250
3140.000000	-237351.968750	37276.984375	-200074.984375
3150.000000	-237275.343750	37518.878906	-199756.468750
3160.000000	-235881.390625	37407.500000	-198473.890625
3170.000000	-237526.046875	37632.640625	-199893.406250
3180.000000	-236601.296875	37495.000000	-199106.296875
3190.000000	-236520.234375	37022.398438	-199497.843750
3200.000000	-237586.000000	37262.992188	-200323.000000
3210.000000	-236851.109375	37703.941406	-199147.171875
3220.000000	-237293.781250	37844.968750	-199448.812500
3230.000000	-236780.843750	37358.917969	-199421.921875
3240.000000	-236671.921875	37096.281250	-199575.640625
3250.000000	-237111.281250	38000.898438	-199110.375000
3260.000000	-237137.609375	37173.820312	-199963.781250
3270.000000	-236744.656250	37566.480469	-199178.171875
3280.000000	-236597.546875	37398.261719	-199199.281250
3290.000000	-237188.875000	37506.722656	-199682.156250
3300.000000	-236470.671875	37737.644531	-198733.031250
3310.000000	-237127.187500	37080.382812	-200046.812500
3320.000000	-237516.125000	36948.074219	-200568.046875
3330.000000	-236152.218750	37518.398438	-198633.812500
3340.000000	-237421.062500	36969.250000	-200451.812500
3350.000000	-237621.406250	37374.402344	-200247.000000
3360.000000	-237709.671875	37525.214844	-200184.453125
3370.000000	-237084.921875	37056.718750	-200028.203125
3380.000000	-237542.093750	37263.867188	-200278.218750
3390.000000	-237187.437500	37271.535156	-199915.906250
3400.000000	-237158.140625	37454.710938	-199703.437500
3410.000000	-237970.515625	37241.320312	-200729.187500
3420.000000	-237556.968750	37461.875000	-200095.093750
3430.000000	-235921.546875	37901.050781	-198020.500000
3440.000000	-237037.703125	36866.449219	-200171.250000
3450.000000	-237025.546875	37945.191406	-199080.359375
3460.000000	-237534.359375	37799.601562	-199734.750000
3470.000000	-237617.937500	37331.738281	-200286.203125
3480.000000	-237123.750000	37707.351562	-199416.406250
3490.000000	-237242.250000	37455.250000	-199787.000000
3500.000000	-236506.015625	37339.523438	-199166.500000
3510.000000	-236761.171875	36987.789062	-199773.375000
3520.000000	-237643.093750	37545.632812	-200097.468750
3530.000000	-236641.937500	36818.906250	-199823.031250
3540.000000	-236484.562500	37481.312500	-199003.250000
3550.000000	-237340.765625	37328.671875	-200012.093750
3560.000000	-236944.531250	37466.828125	-199477.703125
3570.000000	-237253.593750	37322.273438	-199931.312500
3580.000000	-237584.593750	37264.242188	-200320.343750
3590.000000	-237066.734375	37499.343750	-199567.390625
3600.000000	-236516.000000	38000.250000	-198515.750000
3610.000000	-236905.765625	37701.109375	-199204.656250
3620.000000	-236941.312500	37267.437500	-199673.875000
3630.000000	-236958.171875	37622.699219	-199335.468750
3640.000000	-236844.187500	37446.218750	-199397.968750
3650.000000	-237024.031250	37523.578125	-199500.453125
3660.000000	-237566.921875	36982.136719	-200584.781250
3670.000000	-236317.000000	37227.203125	-199089.796875
3680.000000	-236940.906250	37418.976562	-199521.937500
3690.000000	-237627.078125	38046.789062	-199580.281250
3700.000000	-236813.406250	37462.093750	-199351.312500
3710.000000	-236870.546875	37586.929688	-199283.625000
3720.000000	-237256.640625	37049.812500	-200206.828125
3730.000000	-237830.859375	37933.648438	-199897.218750
3740.000000	-237376.812500	37624.031250	-199752.781250
3750.000000	-236681.859375	37315.988281	-199365.875000
3760.000000	-236856.156250	37363.335938	-199492.812500
3770.000000	-237521.703125	37600.781250	-199920.921875
3780.000000	-236964.437500	36807.375000	-200157.062500
3790.000000	-237921.734375	37635.492188	-200286.250000
3800.000000	-237000.921875	37762.292969	-199238.625000
3810.000000	-236770.312500	37477.578125	-199292.734375
3820.000000	-236268.171875	37205.246094	-199062.921875
3830.000000	-236637.234375	37812.656250	-198824.578125
3840.000000	-237132.156250	37418.765625	-199713.390625
3850.000000	-237153.656250	37855.156250	-199298.500000
3860.000000	-237621.078125	37263.199219	-200357.875000
3870.000000	-237671.078125	38060.976562	-199610.093750
3880.000000	-236780.328125	37464.062500	-199316.265625
3890.000000	-237236.390625	37596.648438	-199639.750000
3900.000000	-236663.546875	37291.441406	-199372.109375
3910.000000	-236652.875000	37662.000000	-198990.875000
3920.000000	-237293.281250	37171.453125	-200121.828125
3930.000000	-237544.156250	36907.226562	-200636.937500
3940.000000	-236842.156250	37442.078125	-199400.078125
3950.000000	-237508.734375	37465.589844	-200043.140625
3960.000000	-236441.671875	37893.062500	-198548.609375
3970.000000	-237596.296875	37475.820312	-200120.468750
3980.000000	-236491.093750	37212.820312	-199278.281250
3990.000000	-236737.843750	37677.484375	-199060.359375
4000.000000	-237835.671875	37511.117188	-200324.562500
4010.000000	-236622.234375	37404.726562	-199217.500000
4020.000000	-236918.421875	37290.726562	-199627.687500
4030.000000	-237385.562500	37370.031250	-200015.531250
4040.000000	-236867.000000	37483.148438	-199383.843750
4050.000000	-236937.859375	37454.476562	-199483.375000
4060.000000	-236513.968750	37589.679688	-198924.281250
4070.000000	-236478.000000	37307.519531	-199170.484375
4080.000000	-236564.156250	37867.640625	-198696.515625
4090.000000	-236450.375000	36905.468750	-199544.906250
4100.000000	-236673.828125	37764.496094	-198909.328125
4110.000000	-237032.734375	37212.027344	-199820.703125
4120.000000	-237959.609375	37464.757812	-200494.843750
4130.000000	-236541.578125	37709.964844	-198831.609375
4140.000000	-236953.984375	37608.648438	-199345.343750
4150.000000	-236709.093750	37353.214844	-199355.875000
4160.000000	-236497.406250	37002.894531	-199494.515625
4170.000000	-237158.718750	37303.042969	-199855.671875
4180.000000	-237843.078125	37494.609375	-200348.468750
4190.000000	-237552.140625	36961.671875	-200590.468750
4200.000000	-237357.578125	36973.570312	-200384.000000
4210.000000	-237940.359375	37308.531250	-200631.828125
4220.000000	-237061.093750	37038.273438	-200022.812500
4230.000000	-237137.375000	37295.992188	-199841.375000
4240.000000	-237388.296875	37910.210938	-199478.093750
4250.000000	-236704.359375	37333.074219	-199371.281250
4260.000000	-236830.375000	37757.425781	-199072.953125
4270.000000	-236955.312500	37561.804688	-199393.500000
4280.000000	-237441.250000	36704.542969	-200736.703125
4290.000000	-236080.812500	37511.183594	-198569.625000
4300.000000	-237290.796875	38015.179688	-199275.625000
4310.000000	-237443.203125	37621.082031	-199822.125000
4320.000000	-236262.750000	37228.554688	-199034.187500
4330.000000	-237936.921875	37584.054688	-200352.875000
4340.000000	-237496.875000	37492.562500	-200004.312500
4350.000000	-236420.281250	36990.523438	-199429.750000
4360.000000	-237356.968750	37756.792969	-199600.171875
4370.000000	-236917.359375	37637.804688	-199279.562500
4380.000000	-236779.406250	37394.632812	-199384.781250
4390.000000	-237730.328125	37663.109375	-200067.218750
4400.000000	-237795.703125	37562.628906	-200233.078125
4410.000000	-237054.921875	37673.253906	-199381.671875
4420.000000	-237593.234375	37629.328125	-199963.906250
4430.000000	-237531.281250	37306.765625	-200224.515625
4440.000000	-237058.750000	37565.730469	-199493.015625
4450.000000	-236803.437500	37482.292969	-199321.140625
4460.000000	-236983.390625	37196.539062	-199786.843750
4470.000000	-237152.968750	37387.015625	-199765.953125
4480.000000	-236852.250000	37237.261719	-199614.984375
4490.000000	-236649.609375	37415.410156	-199234.203125
4500.000000	-236387.406250	37236.015625	-199151.390625
4510.000000	-236674.546875	37716.417969	-198958.125000
4520.000000	-237643.718750	37055.617188	-200588.093750
4530.000000	-237998.437500	37237.355469	-200761.078125
4540.000000	-236453.953125	37826.050781	-198627.906250
4550.000000	-237102.421875	37665.015625	-199437.406250
4560.000000	-237276.625000	36699.207031	-200577.421875
4570.000000	-237033.593750	37266.246094	-199767.343750
4580.000000	-236920.656250	37576.765625	-199343.890625
4590.000000	-237501.312500	37503.851562	-199997.468750
4600.000000	-236842.890625	37258.195312	-199584.687500
4610.000000	-237900.250000	37702.929688	-200197.312500
4620.000000	-237137.765625	37483.750000	-199654.015625
4630.000000	-236023.156250	37773.910156	-198249.250000
4640.000000	-236867.156250	37092.453125	-199774.703125
4650.000000	-236577.062500	37898.492188	-198678.562500
4660.000000	-236411.187500	37608.558594	-198802.625000
4670.000000	-237702.484375	37689.976562	-200012.500000
4680.000000	-237040.593750	37495.859375	-199544.734375
4690.000000	-236504.828125	37467.761719	-199037.062500
4700.000000	-237282.093750	37375.480469	-199906.609375
4710.000000	-236187.156250	37812.320312	-198374.843750
4720.000000	-236033.875000	37453.609375	-198580.265625
4730.000000	-236621.046875	37395.363281	-199225.687500
4740.000000	-236042.437500	37538.746094	-198503.687500
4750.000000	-236879.218750	36906.398438	-199972.812500
4760.000000	-236592.687500	38001.785156	-198590.906250
4770.000000	-236227.468750	37216.339844	-199011.125000
4780.000000	-237111.078125	37716.609375	-199394.468750
4790.000000	-237146.968750	37379.273438	-199767.687500
4800.000000	-236472.328125	37566.992188	-198905.343750
4810.000000	-237340.140625	37410.265625	-199929.875000
4820.000000	-237907.531250	37523.312500	-200384.218750
4830.000000	-237021.593750	37851.882812	-199169.718750
4840.000000	-237111.703125	37778.656250	-199333.046875
4850.000000	-237235.234375	37323.839844	-199911.390625
4860.000000	-236767.343750	37445.269531	-199322.078125
4870.000000	-237049.187500	37702.984375	-199346.203125
4880.000000	-236924.046875	37040.726562	-199883.312500
4890.000000	-235835.437500	37045.093750	-198790.343750
4900.000000	-237684.031250	37603.417969	-200080.609375
4910.000000	-237120.656250	37630.914062	-199489.750000
4920.000000	-236605.687500	36970.535156	-199635.156250
4930.000000	-236516.687500	37376.437500	-199140.250000
4940.000000	-236716.640625	37687.699219	-199028.937500
4950.000000	-236116.312500	38007.925781	-198108.390625
4960.000000	-236593.968750	37381.171875	-199212.796875
4970.000000	-235982.375000	37456.945312	-198525.437500
4980.000000	-236862.281250	37458.929688	-199403.343750
4990.000000	-237151.984375	37687.304688	-199464.687500
5000.000000	-237390.531250	37762.460938	-199628.062500
