# H-bond lifetime (ps)
1.861705697340641397e+00
4.457321195358596277e+00
2.433400303456282471e-02
6.792111342461568668e+00
3.709128904632319923e+00
1.002606575056013583e+01
1.037406008859064643e+00
2.072501685552219808e+00
6.218634397467078578e+00
4.970347234663160307e+00
1.114660758226617254e+00
7.677324550962263405e-01
9.968482643835303580e-01
9.209682278770915387e-01
1.412849464628980201e+00
4.883024503538544892e+00
1.096012937680894694e+01
9.695642560807211652e+00
1.176347605120178663e+00
1.616077824411135344e+00
2.284312433619857252e+00
3.802616926277939235e+00
3.900050470866574526e-01
2.946886557108626126e-01
2.176763596312209614e+00
6.117104994431968867e-01
3.849462875424705666e-02
1.080448957467397975e+01
3.800867316870648605e-02
