Time (ps)	Potential	Kinetic	Total
0.000000	-236990.265625	37723.093750	-199267.171875
10.000000	-236872.984375	37574.414062	-199298.562500
20.000000	-236952.625000	37299.734375	-199652.890625
30.000000	-237154.281250	37464.113281	-199690.171875
40.000000	-237956.046875	37698.964844	-200257.078125
50.000000	-237638.578125	37859.042969	-199779.531250
60.000000	-236909.359375	38023.625000	-198885.734375
70.000000	-237267.656250	37555.300781	-199712.359375
80.000000	-236508.031250	37903.054688	-198604.968750
90.000000	-237113.921875	36586.718750	-200527.203125
100.000000	-236733.578125	36963.789062	-199769.781250
110.000000	-237686.046875	37385.953125	-200300.093750
120.000000	-237111.375000	37511.015625	-199600.359375
130.000000	-236720.687500	37140.265625	-199580.421875
140.000000	-236520.609375	37346.527344	-199174.078125
150.000000	-237145.671875	37632.234375	-199513.437500
160.000000	-237505.343750	37325.113281	-200180.234375
170.000000	-237448.593750	37149.960938	-200298.625000
180.000000	-236811.593750	36815.976562	-199995.625000
190.000000	-237367.078125	37227.007812	-200140.062500
200.000000	-237130.609375	37548.929688	-199581.687500
210.000000	-236971.343750	37289.351562	-199682.000000
220.000000	-236888.500000	38038.960938	-198849.531250
230.000000	-236769.937500	37318.113281	-199451.828125
240.000000	-237696.796875	37569.820312	-200126.968750
250.000000	-238041.125000	37312.292969	-200728.828125
260.000000	-236429.703125	37529.359375	-198900.343750
270.000000	-236727.718750	37639.207031	-199088.515625
280.000000	-236768.656250	38019.656250	-198749.000000
290.000000	-236686.421875	37519.710938	-199166.718750
300.000000	-237436.234375	37618.375000	-199817.859375
310.000000	-236762.218750	37536.570312	-199225.656250
320.000000	-237878.312500	37761.328125	-200116.984375
330.000000	-236919.843750	37337.429688	-199582.406250
340.000000	-236858.765625	37829.832031	-199028.937500
350.000000	-237055.890625	37019.269531	-200036.625000
360.000000	-236991.984375	37537.648438	-199454.343750
370.000000	-237783.984375	37639.355469	-200144.625000
380.000000	-236326.562500	37466.679688	-198859.875000
390.000000	-237439.671875	37864.023438	-199575.656250
400.000000	-237063.750000	37132.992188	-199930.750000
410.000000	-237256.968750	37747.734375	-199509.234375
420.000000	-236306.859375	37255.546875	-199051.312500
430.000000	-236944.859375	37671.328125	-199273.531250
440.000000	-237751.593750	37671.843750	-200079.750000
450.000000	-236978.218750	37347.441406	-199630.781250
460.000000	-237975.328125	37425.085938	-200550.250000
470.000000	-236407.671875	37140.847656	-199266.828125
480.000000	-236758.421875	37440.320312	-199318.093750
490.000000	-237410.562500	36872.273438	-200538.281250
500.000000	-237545.250000	37965.882812	-199579.375000
510.000000	-236979.921875	37307.324219	-199672.593750
520.000000	-236854.312500	37632.859375	-199221.453125
530.000000	-236947.875000	37422.171875	-199525.703125
540.000000	-237164.375000	37281.921875	-199882.453125
550.000000	-236491.250000	37142.039062	-199349.218750
560.000000	-237342.875000	37547.660156	-199795.218750
570.000000	-236986.859375	37068.566406	-199918.296875
580.000000	-237719.156250	37238.171875	-200480.984375
590.000000	-236659.140625	37236.906250	-199422.234375
600.000000	-237412.640625	37493.910156	-199918.734375
610.000000	-237173.109375	38042.796875	-199130.312500
620.000000	-236925.000000	37725.976562	-199199.031250
630.000000	-236672.140625	37379.296875	-199292.843750
640.000000	-237706.031250	37381.382812	-200324.656250
650.000000	-237140.406250	37573.105469	-199567.296875
660.000000	-238327.656250	37555.359375	-200772.296875
670.000000	-237192.390625	37775.140625	-199417.250000
680.000000	-238189.703125	37266.550781	-200923.156250
690.000000	-237737.500000	37470.230469	-200267.265625
700.000000	-237141.953125	37186.941406	-199955.015625
710.000000	-235809.875000	37403.187500	-198406.687500
720.000000	-236956.328125	37538.292969	-199418.031250
730.000000	-236638.359375	37588.324219	-199050.031250
740.000000	-237398.515625	37766.484375	-199632.031250
750.000000	-236920.484375	37397.937500	-199522.546875
760.000000	-237135.562500	36842.757812	-200292.812500
770.000000	-236742.968750	37000.320312	-199742.656250
780.000000	-236675.343750	37520.976562	-199154.375000
790.000000	-237296.906250	37462.585938	-199834.312500
800.000000	-237120.171875	38218.691406	-198901.484375
810.000000	-236769.890625	37597.406250	-199172.484375
820.000000	-237035.156250	37198.042969	-199837.109375
830.000000	-237104.046875	37687.671875	-199416.375000
840.000000	-237644.703125	37531.765625	-200112.937500
850.000000	-238018.218750	37569.371094	-200448.843750
860.000000	-236176.500000	37498.761719	-198677.734375
870.000000	-236693.578125	37599.636719	-199093.937500
880.000000	-237149.968750	37135.191406	-200014.781250
890.000000	-237074.515625	37646.953125	-199427.562500
900.000000	-237512.203125	37464.835938	-200047.375000
910.000000	-236622.609375	36982.027344	-199640.578125
920.000000	-237770.328125	37670.253906	-200100.078125
930.000000	-237185.906250	37574.820312	-199611.093750
940.000000	-237162.078125	37429.062500	-199733.015625
950.000000	-236832.578125	37650.316406	-199182.265625
960.000000	-237215.015625	37103.625000	-200111.390625
970.000000	-237766.859375	37510.164062	-200256.687500
980.000000	-236944.000000	37788.664062	-199155.343750
990.000000	-237228.609375	37782.261719	-199446.343750
1000.000000	-236607.140625	37725.781250	-198881.359375
1010.000000	-237637.953125	37331.687500	-200306.265625
1020.000000	-237039.406250	37399.699219	-199639.703125
1030.000000	-237578.859375	37431.648438	-200147.218750
1040.000000	-237851.203125	37809.246094	-200041.953125
1050.000000	-236609.406250	37249.007812	-199360.406250
1060.000000	-238174.656250	36988.929688	-201185.718750
1070.000000	-236797.531250	37349.382812	-199448.156250
1080.000000	-236821.078125	37314.050781	-199507.031250
1090.000000	-237020.609375	37107.156250	-199913.453125
1100.000000	-236145.125000	37076.093750	-199069.031250
1110.000000	-237056.015625	37135.035156	-199920.984375
1120.000000	-236957.265625	37795.964844	-199161.296875
1130.000000	-237110.125000	37714.328125	-199395.796875
1140.000000	-237522.156250	37195.664062	-200326.500000
1150.000000	-236468.421875	37461.496094	-199006.921875
1160.000000	-237421.312500	36997.265625	-200424.046875
1170.000000	-236663.656250	37423.796875	-199239.859375
1180.000000	-237223.656250	37754.800781	-199468.859375
1190.000000	-237491.937500	37875.125000	-199616.812500
1200.000000	-236626.187500	37441.042969	-199185.140625
1210.000000	-237661.546875	37333.050781	-200328.500000
1220.000000	-236181.390625	37468.230469	-198713.156250
1230.000000	-236713.718750	37793.023438	-198920.687500
1240.000000	-236892.156250	37224.214844	-199667.937500
1250.000000	-236858.406250	37572.308594	-199286.093750
1260.000000	-236676.953125	38144.843750	-198532.109375
1270.000000	-237903.671875	36989.070312	-200914.593750
1280.000000	-237577.937500	37137.171875	-200440.765625
1290.000000	-237729.093750	37897.886719	-199831.203125
1300.000000	-236782.937500	37592.789062	-199190.156250
1310.000000	-237947.578125	37324.820312	-200622.750000
1320.000000	-237311.218750	37141.441406	-200169.781250
1330.000000	-237121.921875	37062.433594	-200059.484375
1340.000000	-237469.296875	37823.601562	-199645.687500
1350.000000	-236580.687500	37418.136719	-199162.546875
1360.000000	-237291.156250	37643.167969	-199647.984375
1370.000000	-237065.796875	37542.812500	-199522.984375
1380.000000	-236569.703125	37176.304688	-199393.406250
1390.000000	-236450.656250	37398.343750	-199052.312500
1400.000000	-236813.765625	37606.945312	-199206.812500
1410.000000	-236505.984375	37963.687500	-198542.296875
1420.000000	-237178.515625	37353.984375	-199824.531250
1430.000000	-236667.015625	37428.906250	-199238.109375
1440.000000	-237061.890625	37388.878906	-199673.015625
1450.000000	-237164.828125	37167.226562	-199997.593750
1460.000000	-238155.703125	37837.257812	-200318.437500
1470.000000	-236548.875000	37569.468750	-198979.406250
1480.000000	-237264.171875	37558.593750	-199705.578125
1490.000000	-236737.234375	37713.015625	-199024.218750
1500.000000	-237032.984375	37840.648438	-199192.343750
1510.000000	-238232.390625	37914.468750	-200317.921875
1520.000000	-237056.812500	37602.218750	-199454.593750
1530.000000	-237381.031250	37313.937500	-200067.093750
1540.000000	-236802.484375	37501.324219	-199301.156250
1550.000000	-236858.984375	37860.695312	-198998.281250
1560.000000	-236502.109375	37468.132812	-199033.968750
1570.000000	-236814.546875	37445.035156	-199369.515625
1580.000000	-237459.765625	37083.707031	-200376.062500
1590.000000	-237029.296875	37218.703125	-199810.593750
1600.000000	-237033.609375	37062.234375	-199971.375000
1610.000000	-237353.156250	37730.425781	-199622.734375
1620.000000	-237599.468750	37212.476562	-200387.000000
1630.000000	-237076.046875	37739.902344	-199336.140625
1640.000000	-236524.296875	37435.863281	-199088.437500
1650.000000	-236840.062500	37380.281250	-199459.781250
1660.000000	-236764.203125	37290.468750	-199473.734375
1670.000000	-236526.875000	38172.226562	-198354.656250
1680.000000	-237518.796875	37314.945312	-200203.843750
1690.000000	-237083.578125	37590.531250	-199493.046875
1700.000000	-236823.718750	37381.312500	-199442.406250
1710.000000	-236634.187500	37336.578125	-199297.609375
1720.000000	-236911.156250	37325.433594	-199585.718750
1730.000000	-237128.312500	37465.496094	-199662.812500
1740.000000	-236949.625000	37448.460938	-199501.156250
1750.000000	-237614.515625	37156.281250	-200458.234375
1760.000000	-237690.093750	37754.464844	-199935.625000
1770.000000	-236955.062500	37228.199219	-199726.859375
1780.000000	-237289.453125	37099.945312	-200189.500000
1790.000000	-237065.312500	37272.390625	-199792.921875
1800.000000	-237909.312500	37484.136719	-200425.171875
1810.000000	-237101.687500	38023.562500	-199078.125000
1820.000000	-237003.671875	37731.144531	-199272.531250
1830.000000	-237940.687500	37554.203125	-200386.484375
1840.000000	-237197.156250	37273.785156	-199923.375000
1850.000000	-236400.078125	37047.039062	-199353.031250
1860.000000	-237420.156250	37086.164062	-200334.000000
1870.000000	-237357.593750	36928.687500	-200428.906250
1880.000000	-237931.265625	37264.992188	-200666.281250
1890.000000	-236444.609375	37140.570312	-199304.031250
1900.000000	-236790.546875	37581.605469	-199208.937500
1910.000000	-237834.703125	37523.605469	-200311.093750
1920.000000	-236435.781250	37230.343750	-199205.437500
1930.000000	-237501.781250	38216.851562	-199284.937500
1940.000000	-237586.484375	37560.882812	-200025.593750
1950.000000	-237189.296875	37258.335938	-199930.968750
1960.000000	-236481.921875	37929.820312	-198552.093750
1970.000000	-237978.625000	37804.000000	-200174.625000
1980.000000	-236070.093750	37493.976562	-198576.125000
1990.000000	-235796.453125	36865.500000	-198930.953125
2000.000000	-238031.156250	37228.375000	-200802.781250
2010.000000	-237475.921875	37370.222656	-200105.703125
2020.000000	-237260.187500	37457.234375	-199802.953125
2030.000000	-236242.703125	37574.054688	-198668.656250
2040.000000	-237253.718750	37063.328125	-200190.390625
2050.000000	-236853.640625	37464.562500	-199389.078125
2060.000000	-237196.953125	37751.082031	-199445.875000
2070.000000	-237340.859375	37727.140625	-199613.718750
2080.000000	-237540.015625	37416.496094	-200123.515625
2090.000000	-237346.937500	37662.722656	-199684.218750
2100.000000	-238060.156250	37080.304688	-200979.843750
2110.000000	-237441.171875	36962.292969	-200478.875000
2120.000000	-238047.421875	37297.226562	-200750.187500
2130.000000	-237048.609375	37264.304688	-199784.312500
2140.000000	-237582.937500	37892.246094	-199690.687500
2150.000000	-237059.625000	37455.062500	-199604.562500
2160.000000	-236908.656250	37195.074219	-199713.578125
2170.000000	-237242.031250	36744.097656	-200497.937500
2180.000000	-236767.078125	37735.203125	-199031.875000
2190.000000	-237450.625000	37282.957031	-200167.671875
2200.000000	-236517.093750	37182.546875	-199334.546875
2210.000000	-236843.609375	37277.992188	-199565.625000
2220.000000	-237037.328125	37083.550781	-199953.781250
2230.000000	-237034.250000	37357.000000	-199677.250000
2240.000000	-236391.265625	37165.390625	-199225.875000
2250.000000	-237216.781250	37224.382812	-199992.406250
2260.000000	-237602.984375	37595.863281	-200007.125000
2270.000000	-237067.515625	37697.371094	-199370.140625
2280.000000	-236908.125000	37388.882812	-199519.250000
2290.000000	-237108.390625	37976.890625	-199131.500000
2300.000000	-235776.187500	37170.773438	-198605.406250
2310.000000	-236927.000000	37438.292969	-199488.703125
2320.000000	-237136.171875	37214.417969	-199921.750000
2330.000000	-236802.906250	37375.562500	-199427.343750
2340.000000	-237629.093750	37586.246094	-200042.843750
2350.000000	-236755.406250	37292.945312	-199462.468750
2360.000000	-237246.968750	37754.625000	-199492.343750
2370.000000	-236632.609375	38069.656250	-198562.953125
2380.000000	-236921.609375	37316.273438	-199605.343750
2390.000000	-236918.843750	37822.500000	-199096.343750
2400.000000	-238140.671875	37118.375000	-201022.296875
2410.000000	-236914.468750	37429.800781	-199484.671875
2420.000000	-236537.593750	37033.328125	-199504.265625
2430.000000	-236671.656250	38134.992188	-198536.656250
2440.000000	-237237.109375	37632.968750	-199604.140625
2450.000000	-237699.578125	37412.015625	-200287.562500
2460.000000	-237647.343750	37817.195312	-199830.156250
2470.000000	-237024.656250	37443.902344	-199580.750000
2480.000000	-236958.562500	37594.554688	-199364.000000
2490.000000	-237897.906250	37552.234375	-200345.671875
2500.000000	-236944.375000	37495.007812	-199449.375000
2510.000000	-236772.859375	37078.804688	-199694.062500
2520.000000	-236761.781250	37813.558594	-198948.218750
2530.000000	-237825.171875	37499.242188	-200325.937500
2540.000000	-236281.328125	37296.097656	-198985.234375
2550.000000	-237631.218750	37523.031250	-200108.187500
2560.000000	-237362.875000	37731.792969	-199631.078125
2570.000000	-237502.906250	37669.445312	-199833.468750
2580.000000	-237523.140625	37412.230469	-200110.906250
2590.000000	-236508.296875	37072.128906	-199436.171875
2600.000000	-237709.265625	37108.609375	-200600.656250
2610.000000	-236785.578125	37711.730469	-199073.843750
2620.000000	-237344.765625	37019.023438	-200325.750000
2630.000000	-237099.625000	37346.695312	-199752.937500
2640.000000	-236378.578125	37826.121094	-198552.453125
2650.000000	-237793.937500	37662.445312	-200131.500000
2660.000000	-237473.250000	37400.562500	-200072.687500
2670.000000	-237034.093750	37529.457031	-199504.640625
2680.000000	-236508.734375	37105.421875	-199403.312500
2690.000000	-237221.500000	37197.355469	-200024.140625
2700.000000	-236722.234375	37155.523438	-199566.718750
2710.000000	-237291.718750	37665.000000	-199626.718750
2720.000000	-237132.875000	37278.093750	-199854.781250
2730.000000	-237714.578125	37453.425781	-200261.156250
2740.000000	-236638.562500	37362.625000	-199275.937500
2750.000000	-237390.203125	37344.453125	-200045.750000
2760.000000	-238127.968750	37256.671875	-200871.296875
2770.000000	-237942.796875	37588.117188	-200354.687500
2780.000000	-237062.156250	37659.140625	-199403.015625
2790.000000	-236918.734375	37147.398438	-199771.343750
2800.000000	-237172.515625	37455.226562	-199717.281250
2810.000000	-236298.531250	37227.457031	-199071.078125
2820.000000	-236939.031250	37640.226562	-199298.812500
2830.000000	-236529.515625	37786.218750	-198743.296875
2840.000000	-238044.718750	37558.351562	-200486.375000
2850.000000	-236327.734375	37580.507812	-198747.218750
2860.000000	-236599.187500	37421.554688	-199177.625000
2870.000000	-237145.187500	37802.894531	-199342.296875
2880.000000	-236792.312500	37836.789062	-198955.531250
2890.000000	-237611.031250	37639.234375	-199971.796875
2900.000000	-237276.203125	37689.601562	-199586.593750
2910.000000	-238160.203125	37259.121094	-200901.078125
2920.000000	-237385.687500	37212.726562	-200172.968750
2930.000000	-236529.875000	37318.863281	-199211.015625
2940.000000	-237384.000000	37269.597656	-200114.406250
2950.000000	-237604.656250	37578.960938	-200025.687500
2960.000000	-237062.484375	37333.113281	-199729.375000
2970.000000	-236245.546875	37828.558594	-198416.984375
2980.000000	-237610.578125	37734.046875	-199876.531250
2990.000000	-236823.343750	37439.804688	-199383.531250
3000.000000	-237148.484375	37622.976562	-199525.500000
3010.000000	-235824.734375	37147.128906	-198677.609375
3020.000000	-237438.500000	37629.734375	-199808.765625
3030.000000	-236743.125000	37722.289062	-199020.843750
3040.000000	-237082.500000	37937.265625	-199145.234375
3050.000000	-237206.015625	37136.996094	-200069.015625
3060.000000	-236285.234375	37079.500000	-199205.734375
3070.000000	-237267.156250	37293.433594	-199973.718750
3080.000000	-236046.734375	37166.992188	-198879.750000
3090.000000	-237144.406250	36965.097656	-200179.312500
3100.000000	-236869.093750	37572.976562	-199296.125000
3110.000000	-237792.312500	37934.515625	-199857.796875
3120.000000	-237438.656250	37914.773438	-199523.875000
3130.000000	-236741.656250	37294.972656	-199446.687500
3140.000000	-236503.781250	37149.777344	-199354.000000
3150.000000	-237761.390625	37316.636719	-200444.750000
3160.000000	-237063.640625	37611.050781	-199452.593750
3170.000000	-236786.546875	37762.113281	-199024.437500
3180.000000	-237444.000000	37485.894531	-199958.109375
3190.000000	-237699.265625	37095.058594	-200604.203125
3200.000000	-237590.703125	37763.972656	-199826.734375
3210.000000	-236926.250000	37547.476562	-199378.781250
3220.000000	-236840.968750	38089.945312	-198751.031250
3230.000000	-237130.515625	37883.046875	-199247.468750
3240.000000	-236808.171875	37526.535156	-199281.640625
3250.000000	-236640.406250	37245.378906	-199395.031250
3260.000000	-237265.984375	37842.175781	-199423.812500
3270.000000	-237663.500000	37667.941406	-199995.562500
3280.000000	-237380.906250	38107.320312	-199273.593750
3290.000000	-237865.953125	37382.632812	-200483.312500
3300.000000	-236390.609375	37173.910156	-199216.703125
3310.000000	-237092.046875	37741.160156	-199350.890625
3320.000000	-237423.437500	37283.390625	-200140.046875
3330.000000	-236969.328125	37527.882812	-199441.437500
3340.000000	-237045.640625	37440.691406	-199604.953125
3350.000000	-236632.390625	36819.835938	-199812.562500
3360.000000	-236993.296875	37452.992188	-199540.312500
3370.000000	-237232.703125	37152.468750	-200080.234375
3380.000000	-237418.218750	37466.375000	-199951.843750
3390.000000	-236949.984375	37421.003906	-199528.984375
3400.000000	-237618.062500	37318.011719	-200300.046875
3410.000000	-236585.078125	37360.460938	-199224.625000
3420.000000	-236490.250000	37143.449219	-199346.796875
3430.000000	-237096.906250	37503.417969	-199593.484375
3440.000000	-236802.593750	37789.195312	-199013.406250
3450.000000	-236586.406250	37626.664062	-198959.750000
3460.000000	-236790.531250	37702.968750	-199087.562500
3470.000000	-237295.656250	37592.148438	-199703.500000
3480.000000	-236680.937500	37141.742188	-199539.187500
3490.000000	-236813.468750	37532.781250	-199280.687500
3500.000000	-237065.593750	37300.281250	-199765.312500
3510.000000	-236871.937500	37009.128906	-199862.812500
3520.000000	-238170.890625	37584.546875	-200586.343750
3530.000000	-237264.359375	37608.292969	-199656.062500
3540.000000	-236254.781250	37590.558594	-198664.218750
3550.000000	-237365.875000	37793.257812	-199572.625000
3560.000000	-237331.484375	37453.316406	-199878.171875
3570.000000	-237606.000000	37325.593750	-200280.406250
3580.000000	-236152.765625	37744.214844	-198408.546875
3590.000000	-236215.687500	36912.246094	-199303.437500
3600.000000	-236467.968750	36985.835938	-199482.125000
3610.000000	-236497.171875	36997.847656	-199499.328125
3620.000000	-236645.578125	37206.078125	-199439.500000
3630.000000	-236438.343750	37052.132812	-199386.218750
3640.000000	-237365.406250	37098.179688	-200267.218750
3650.000000	-236755.218750	37637.132812	-199118.093750
3660.000000	-237946.796875	37532.906250	-200413.890625
3670.000000	-237798.703125	37437.609375	-200361.093750
3680.000000	-236957.046875	37774.339844	-199182.703125
3690.000000	-237366.500000	38051.859375	-199314.640625
3700.000000	-237176.375000	37756.382812	-199420.000000
3710.000000	-236952.203125	38236.746094	-198715.453125
3720.000000	-237186.109375	37045.687500	-200140.421875
3730.000000	-236417.062500	37428.976562	-198988.093750
3740.000000	-236626.531250	37739.789062	-198886.750000
3750.000000	-237155.843750	37550.035156	-199605.812500
3760.000000	-237173.734375	37434.171875	-199739.562500
3770.000000	-237431.640625	37601.898438	-199829.750000
3780.000000	-237464.265625	37559.304688	-199904.968750
3790.000000	-238129.796875	37571.460938	-200558.343750
3800.000000	-236687.562500	36960.429688	-199727.125000
3810.000000	-237028.281250	36843.062500	-200185.218750
3820.000000	-236441.015625	37653.562500	-198787.453125
3830.000000	-237332.984375	37554.054688	-199778.937500
3840.000000	-236126.453125	37649.488281	-198476.968750
3850.000000	-237720.093750	36994.742188	-200725.343750
3860.000000	-237157.093750	37476.828125	-199680.265625
3870.000000	-236353.375000	37508.156250	-198845.218750
3880.000000	-236691.453125	37273.445312	-199418.000000
3890.000000	-237724.031250	37043.175781	-200680.859375
3900.000000	-236686.937500	37536.945312	-199150.000000
3910.000000	-237257.828125	37603.441406	-199654.390625
3920.000000	-237200.843750	37461.765625	-199739.078125
3930.000000	-236862.031250	37835.437500	-199026.593750
3940.000000	-237453.828125	37632.296875	-199821.531250
3950.000000	-236408.546875	37722.285156	-198686.265625
3960.000000	-236800.406250	37304.437500	-199495.968750
3970.000000	-236988.218750	37557.312500	-199430.906250
3980.000000	-237380.562500	37425.273438	-199955.281250
3990.000000	-237813.734375	37748.957031	-200064.781250
4000.000000	-236102.656250	38015.964844	-198086.687500
4010.000000	-236650.468750	37948.777344	-198701.687500
4020.000000	-237589.421875	37394.695312	-200194.718750
4030.000000	-237475.078125	37654.398438	-199820.687500
4040.000000	-236828.078125	37093.769531	-199734.312500
4050.000000	-236616.359375	37507.343750	-199109.015625
4060.000000	-237266.937500	37209.761719	-200057.171875
4070.000000	-236050.843750	37340.539062	-198710.312500
4080.000000	-236214.093750	36969.437500	-199244.656250
4090.000000	-237327.375000	37514.132812	-199813.250000
4100.000000	-237517.125000	37621.675781	-199895.453125
4110.000000	-237824.687500	37294.687500	-200530.000000
4120.000000	-236210.093750	37226.500000	-198983.593750
4130.000000	-237424.859375	37722.625000	-199702.234375
4140.000000	-237080.140625	37762.761719	-199317.375000
4150.000000	-238066.000000	37051.656250	-201014.343750
4160.000000	-236762.078125	37378.257812	-199383.812500
4170.000000	-237688.515625	36909.308594	-200779.203125
4180.000000	-237069.500000	36877.199219	-200192.296875
4190.000000	-236733.890625	37891.953125	-198841.937500
4200.000000	-237704.828125	37850.695312	-199854.125000
4210.000000	-236950.765625	37256.179688	-199694.593750
4220.000000	-236755.546875	37385.687500	-199369.859375
4230.000000	-236290.046875	37500.738281	-198789.312500
4240.000000	-236894.453125	37165.140625	-199729.312500
4250.000000	-237783.515625	37477.523438	-200306.000000
4260.000000	-237285.765625	37273.363281	-200012.406250
4270.000000	-237095.843750	37434.695312	-199661.156250
4280.000000	-236964.578125	37543.078125	-199421.500000
4290.000000	-237349.109375	37241.312500	-200107.796875
4300.000000	-236774.218750	37902.457031	-198871.765625
4310.000000	-237261.453125	37738.023438	-199523.437500
4320.000000	-236954.921875	36889.531250	-200065.390625
4330.000000	-236620.796875	37265.191406	-199355.609375
4340.000000	-237558.281250	36895.023438	-200663.250000
4350.000000	-236467.984375	37249.187500	-199218.796875
4360.000000	-236683.812500	37944.859375	-198738.953125
4370.000000	-236776.125000	37299.210938	-199476.906250
4380.000000	-237669.265625	37825.835938	-199843.437500
4390.000000	-237463.593750	37305.886719	-200157.703125
4400.000000	-237630.046875	37414.640625	-200215.406250
4410.000000	-236303.656250	37518.875000	-198784.781250
4420.000000	-237535.203125	37574.765625	-199960.437500
4430.000000	-237302.750000	37617.414062	-199685.343750
4440.000000	-237107.468750	37617.242188	-199490.218750
4450.000000	-237009.890625	37829.277344	-199180.609375
4460.000000	-237267.218750	37328.523438	-199938.687500
4470.000000	-236687.109375	37676.449219	-199010.656250
4480.000000	-235966.390625	37176.812500	-198789.578125
4490.000000	-236817.359375	37332.812500	-199484.546875
4500.000000	-236981.265625	37509.941406	-199471.328125
4510.000000	-237504.453125	37787.437500	-199717.015625
4520.000000	-237407.656250	37693.312500	-199714.343750
4530.000000	-237142.406250	37496.125000	-199646.281250
4540.000000	-237749.609375	37865.933594	-199883.671875
4550.000000	-238092.437500	37496.375000	-200596.062500
4560.000000	-236467.265625	37526.285156	-198940.984375
4570.000000	-236908.484375	37675.367188	-199233.125000
4580.000000	-236709.093750	37470.007812	-199239.093750
4590.000000	-236917.062500	37385.253906	-199531.812500
4600.000000	-237769.609375	37696.539062	-200073.062500
4610.000000	-237840.953125	37266.937500	-200574.015625
4620.000000	-237082.953125	37807.363281	-199275.593750
4630.000000	-236619.750000	37605.710938	-199014.031250
4640.000000	-237625.250000	37376.335938	-200248.906250
4650.000000	-237393.281250	37102.199219	-200291.078125
4660.000000	-237619.281250	37181.886719	-200437.390625
4670.000000	-236524.484375	37812.847656	-198711.640625
4680.000000	-237686.265625	37592.031250	-200094.234375
4690.000000	-237125.671875	37792.789062	-199332.875000
4700.000000	-236963.515625	37637.898438	-199325.625000
4710.000000	-237411.062500	37756.421875	-199654.640625
4720.000000	-236952.953125	36989.234375	-199963.718750
4730.000000	-236058.156250	37317.429688	-198740.718750
4740.000000	-236749.359375	37530.328125	-199219.031250
4750.000000	-237052.375000	37118.453125	-199933.921875
4760.000000	-237052.546875	37499.445312	-199553.093750
4770.000000	-236670.703125	37755.933594	-198914.765625
4780.000000	-237495.875000	37295.488281	-200200.390625
4790.000000	-237360.609375	37690.554688	-199670.062500
4800.000000	-236264.984375	37606.359375	-198658.625000
4810.000000	-237968.656250	37380.433594	-200588.218750
4820.000000	-237277.687500	37283.621094	-199994.062500
4830.000000	-236615.906250	37604.917969	-199010.984375
4840.000000	-236919.140625	37408.746094	-199510.390625
4850.000000	-237730.250000	37622.335938	-200107.906250
4860.000000	-237049.234375	37185.171875	-199864.062500
4870.000000	-236952.640625	37177.210938	-199775.437500
4880.000000	-237040.125000	37480.007812	-199560.125000
4890.000000	-236522.312500	37657.503906	-198864.812500
4900.000000	-237748.531250	37285.164062	-200463.375000
4910.000000	-236309.828125	37514.777344	-198795.046875
4920.000000	-237222.531250	38200.230469	-199022.296875
4930.000000	-237030.781250	37840.535156	-199190.250000
4940.000000	-237291.968750	37157.531250	-200134.437500
4950.000000	-236741.390625	37674.234375	-199067.156250
4960.000000	-236625.265625	37214.347656	-199410.921875
4970.000000	-236353.953125	38065.585938	-198288.375000
4980.000000	-237293.640625	37370.011719	-199923.625000
4990.000000	-237131.468750	37190.601562	-199940.875000
5000.000000	-236492.125000	38091.640625	-198400.484375
